7995
210523445
	 {68603392, 338292740, 23101446, 171039241, 197771787, 201564683, 2956812, 11529230, 195244048, 48798224, 100835857, 140051985, 174263316, 152426005, 190095389, 138609700, 65289253, 104742951, 88613416, 132993580, 90316846, 88596532, 26289213, 165640766, 322889280, 370672193, 220805192, 6316617, 326208087, 30216280, 188621416, 211421803, 36828780, 536243309, 10625647, 156974703, 108725362, 481217650, 44504192, 87734913, 44164226, 84214403, 173315713, 147417733, 40860298, 80096908, 160118413, 258548369, 183600280, 275761817, 221263003, 227326627, 182409893, 384555688, 176390826, 189961386, 263762605, 423796399, 174673586, 138177715, 351357622, 47549624, 61094587, 225941180, 431301, 85030597, 100173013, 107534557, 195247327, 372935913, 507364084, 161882869, 243150587, 275879172, 251149573, 167007494, 3687687, 168974601, 243783434, 289800971, 93664533, 243746587, 504017692, 147905319, 86139694, 152085294, 245122354, 131546420, 155226421, 372824885, 209272119, 133544248, 10873145, 12144956, 206096716, 469299023, 2867538, 54792021, 78666584, 167539546, 173533022, 17705321, 413322605, 642065774, 52450171, 346755975, 150714249, 148906895, 138096016, 231481751, 24127397, 226180018, 9822647, 252642233, 120007101, 133126593, 3750338, 343401921, 36279748, 137223109, 179259332, 224444359, 229556682, 171165131, 224304589, 217431503, 159252944, 34759633, 225736145, 227188699, 449198046, 267599840, 180553701, 7153638, 271061482, 213552619, 150558189, 134313457, 22425585, 97653747, 54890996, 107757043, 32444405, 133589498, 222479355}
168974601
	 {23101446, 197771787, 201564683, 2956812, 11529230, 504110604, 48798224, 140051985, 88747538, 174263316, 152426005, 62837788, 104742951, 259081770, 132993580, 141297208, 26289213, 21561414, 75071047, 72496224, 164108897, 36828780, 326353517, 10625647, 214278779, 44504192, 87734913, 44164226, 84214403, 40860298, 258548369, 98530963, 183600280, 221263003, 269482655, 78153375, 227326627, 182409893, 215018662, 133482151, 189961386, 263762605, 138177715, 160867507, 47549624, 73000636, 431301, 172451528, 100173013, 244765914, 195247327, 507364084, 275879172, 251149573, 167007494, 3687687, 243783434, 93664533, 243746587, 153402141, 480173858, 124981032, 209044777, 152085294, 82778415, 245122354, 210523445, 10873145, 165466937, 191886137, 12144956, 2867538, 54792021, 78666584, 160121690, 173533022, 323010410, 413322605, 135330682, 52450171, 122425213, 97730438, 359800710, 150714249, 138096016, 380485010, 17825191, 221148583, 256686505, 152703914, 155455916, 213779374, 165686705, 278086071, 252642233, 3750338, 179259332, 137223109, 224444359, 139429320, 229556682, 169539020, 224304589, 34759633, 271061482, 225824236, 97653747, 54890996, 32444405, 167224312, 222479355}
140051985
	 {197771787, 201564683, 195244048, 48798224, 337258004, 190095389, 65289253, 132993580, 390571568, 374779957, 165640766, 220805192, 326208087, 30216280, 164108897, 209666155, 326353517, 10625647, 214278779, 158500476, 44164226, 84214403, 40860298, 170091146, 258548369, 98530963, 183600280, 78153375, 227326627, 182409893, 215018662, 384555688, 189961386, 423796399, 138177715, 73000636, 123858120, 172451528, 244765914, 195247327, 372935913, 190524657, 161882869, 275879172, 167007494, 168974601, 93664533, 215025432, 176366874, 243746587, 480173858, 147905319, 124981032, 209044777, 152085294, 82778415, 245122354, 155226421, 210523445, 273411381, 390363452, 469299023, 2867538, 54792021, 160121690, 167539546, 210835290, 173533022, 99189099, 642065774, 338302319, 238706545, 52450171, 122425213, 97730438, 138096016, 17825191, 155455916, 213779374, 165686705, 278086071, 252642233, 179259332, 137223109, 224444359, 224304589, 217431503, 159252944, 227188699, 267599840, 180553701, 277313001, 271061482, 225824236, 222792684, 134313457, 97653747, 54890996, 133589498, 222479355}
44164226
	 {5579776, 68603392, 23101446, 197771787, 2956812, 11529230, 19385871, 140051985, 174263316, 190095389, 65289253, 104742951, 88613416, 132993580, 26289213, 322889280, 265757761, 75071047, 220805192, 326208087, 10625647, 156974703, 108725362, 20530298, 4516987, 44504192, 87734913, 258548369, 136905875, 98530963, 183600280, 221263003, 182409893, 189961386, 263762605, 174673586, 138177715, 61094587, 73000636, 225941180, 431301, 85030597, 107534557, 195247327, 507364084, 167007494, 3687687, 168974601, 93664533, 88387882, 152085294, 131546420, 155226421, 372824885, 210523445, 273411381, 10873145, 165466937, 209272119, 12144956, 187300168, 220670281, 206096716, 2867538, 54792021, 18269018, 160121690, 167539546, 167858535, 17705321, 238706545, 3457916, 15646591, 359800710, 150714249, 593454499, 125269923, 213779374, 123342766, 252642233, 120007101, 133126593, 137223109, 229556682, 224304589, 217431503, 267599840, 7153638, 277313001, 213552619, 134313457, 22425585, 54890996, 81769463, 133589498}
273411381
	 {68603392, 373245441, 23101446, 171039241, 101576717, 19385871, 100835857, 140051985, 174263316, 152426005, 190095389, 92585502, 65289253, 88613416, 90316846, 26289213, 76025405, 75071047, 136330319, 326208087, 30216280, 69835867, 156653674, 36828780, 156974703, 233692275, 20530298, 44504192, 87734913, 44164226, 290169988, 80096908, 160118413, 258548369, 136905875, 189961386, 235859116, 47549624, 431301, 85030597, 107534557, 195247327, 172528391, 243783434, 183164179, 220421397, 63187225, 243746587, 261544232, 86139694, 152085294, 131546420, 155226421, 372824885, 165466937, 75563326, 118767424, 60848457, 206096716, 2867538, 54792021, 392406359, 78666584, 167539546, 167858535, 17705321, 150714249, 246403472, 125269923, 356867492, 155455916, 180984751, 252642233, 120007101, 183890368, 133126593, 224444359, 139429320, 172952009, 249642440, 224304589, 141268, 267599840, 213304801, 7153638, 277313001, 271061482, 213552619, 134313457, 97653747, 107757043, 32444405, 81769463, 133589498, 222479355}
224304589
	 {5579776, 68603392, 171039241, 197771787, 2956812, 101576717, 156291087, 100835857, 140051985, 88747538, 152426005, 92585502, 138609700, 104742951, 88613416, 421581863, 26289213, 322889280, 220805192, 382048331, 188621416, 144991852, 10625647, 481217650, 87734913, 44164226, 258548369, 98530963, 183600280, 275761817, 175158428, 182409893, 189323945, 189961386, 263762605, 73000636, 225941180, 172451528, 173865179, 275879172, 213146374, 172528391, 168974601, 243783434, 164207379, 243746587, 226281256, 209044777, 152085294, 131546420, 210523445, 273411381, 165466937, 12144956, 187300168, 158837066, 206096716, 469299023, 2867538, 54792021, 160121690, 167539546, 173533022, 413322605, 122425213, 320555396, 247974279, 150714249, 246403472, 213449616, 157676442, 17825191, 214832041, 133771177, 155455916, 180984751, 252642233, 133126593, 3750338, 224444359, 172952009, 171165131, 217431503, 267599840, 7153638, 225824236, 150558189, 134313457, 81769463, 133589498}
12144956
	 {68603392, 23101446, 171039241, 197771787, 201564683, 2956812, 19385871, 100185118, 236438558, 65289253, 104742951, 132993580, 26289213, 322889280, 21561414, 220805192, 12726878, 156653674, 10625647, 156974703, 108725362, 20530298, 510809213, 44504192, 87734913, 44164226, 84214403, 40860298, 160118413, 258548369, 183600280, 78153375, 133482151, 189961386, 263762605, 423796399, 310068402, 160867507, 47549624, 61094587, 225941180, 431301, 85030597, 107534557, 275879172, 251149573, 3687687, 168974601, 95578891, 93664533, 153402141, 18216221, 152085294, 131546420, 210523445, 209272119, 10873145, 165466937, 469299023, 2867538, 54792021, 167539546, 167858535, 413322605, 238706545, 265972599, 3457916, 346755975, 150714249, 138096016, 505643430, 256686505, 9822647, 133126593, 3750338, 36279748, 137223109, 224444359, 224304589, 159252944, 180553701, 7153638, 97653747, 32444405, 81769463, 222479355}
197771787
	 {185953283, 338292740, 23101446, 2956812, 11529230, 48798224, 140051985, 190095389, 65289253, 248505381, 104742951, 421581863, 132993580, 26289213, 165640766, 322889280, 220805192, 144991852, 536243309, 10625647, 108725362, 214278779, 44504192, 87734913, 44164226, 84214403, 173315713, 130188944, 98530963, 275761817, 182409893, 384555688, 176390826, 189961386, 263762605, 138177715, 73000636, 225941180, 172451528, 244765914, 107534557, 195247327, 372935913, 507364084, 161882869, 275879172, 167007494, 3687687, 168974601, 243783434, 93664533, 147905319, 372824885, 210523445, 133544248, 12144956, 54792021, 78666584, 167539546, 173533022, 187162982, 413322605, 642065774, 265972599, 160816510, 97730438, 359800710, 231481751, 593454499, 323580334, 364553136, 252642233, 120007101, 224444359, 169539020, 224304589, 217431503, 449198046, 267599840, 379866082, 213552619, 162740719, 134313457, 54890996, 81769463, 133589498}
252642233
	 {68603392, 96469505, 197771787, 201564683, 101576717, 156291087, 100835857, 69690897, 140051985, 174263316, 152426005, 138609700, 374779957, 21561414, 382048331, 30216280, 209666155, 144991852, 326353517, 188744308, 4516987, 44164226, 40860298, 258548369, 98530963, 183600280, 187454110, 189323945, 263762605, 423796399, 102787761, 47549624, 107534557, 195247327, 507364084, 275879172, 213146374, 168974601, 243783434, 243746587, 153402141, 147905319, 209044777, 86139694, 155226421, 210523445, 273411381, 191886137, 390363452, 75563326, 158837066, 469299023, 2867538, 54792021, 78666584, 167539546, 413322605, 12489585, 238706545, 122425213, 160816510, 172609412, 346755975, 150714249, 138096016, 380485010, 256686505, 214832041, 329635763, 183890368, 224444359, 172952009, 224304589, 225736145, 449198046, 7153638, 277313001, 271061482, 150558189, 134313457, 107757043, 32444405, 81769463}
7153638
	 {23101446, 171039241, 2956812, 19385871, 100835857, 222589464, 104742951, 381446701, 90316846, 26289213, 76025405, 220805192, 68046923, 30216280, 69835867, 103502441, 209666155, 36828780, 20876397, 10625647, 4516987, 44504192, 87734913, 44164226, 160118413, 258548369, 136905875, 98530963, 183600280, 189323945, 189961386, 235859116, 174673586, 61094587, 225941180, 85030597, 107534557, 221652705, 161882869, 3687687, 183164179, 93664533, 243746587, 18216221, 152085294, 30606127, 131546420, 155226421, 210523445, 273411381, 209272119, 165466937, 12144956, 75563326, 220670281, 206096716, 469299023, 2867538, 54792021, 167539546, 540540251, 173533022, 17705321, 413322605, 12489585, 160816510, 15646591, 150714249, 157676442, 61920679, 155455916, 252642233, 183890368, 133126593, 36279748, 139429320, 224304589, 449198046, 267599840, 212943330, 150558189, 22425585, 32444405}
189961386
	 {171039241, 197771787, 2956812, 19385871, 100835857, 140051985, 174263316, 152426005, 65289253, 104742951, 88613416, 132993580, 26289213, 209933889, 21561414, 220805192, 30216280, 90902620, 36828780, 10625647, 156974703, 108725362, 44504192, 87734913, 44164226, 173315713, 147417733, 236886150, 80096908, 160118413, 258548369, 98530963, 183600280, 174673586, 61094587, 225941180, 431301, 85030597, 100173013, 107534557, 507364084, 3687687, 168974601, 164207379, 93664533, 220421397, 243746587, 124981032, 86139694, 152085294, 210523445, 273411381, 165466937, 191886137, 12144956, 206096716, 2867538, 54792021, 78666584, 173533022, 167858535, 413322605, 265972599, 122425213, 150714249, 148906895, 213779374, 133126593, 137223109, 139429320, 172952009, 224304589, 225736145, 227188699, 267599840, 7153638, 145996272, 107757043, 133589498, 222479355}
10625647
	 {68603392, 23101446, 171039241, 197771787, 2956812, 11529230, 19385871, 48798224, 100835857, 140051985, 174263316, 65289253, 104742951, 90316846, 26289213, 220805192, 30216280, 90902620, 156653674, 36828780, 156974703, 108725362, 20530298, 301815934, 44504192, 87734913, 44164226, 147417733, 258548369, 183600280, 192789664, 189961386, 160867507, 225941180, 64880318, 431301, 85030597, 100173013, 107534557, 275879172, 3687687, 168974601, 95578891, 93664533, 124981032, 152085294, 372824885, 210523445, 209272119, 10873145, 12144956, 206096716, 469299023, 2867538, 167858535, 413322605, 3457916, 122425213, 267969928, 150714249, 593454499, 213779374, 133126593, 36279748, 137223109, 224444359, 171165131, 224304589, 217431503, 34759633, 227188699, 267599840, 213304801, 7153638, 271061482, 213552619, 145996272, 97653747, 54890996}
2956812
	 {68603392, 23101446, 197771787, 11529230, 19385871, 174263316, 152426005, 65289253, 104742951, 88613416, 90316846, 26289213, 220805192, 30216280, 69835867, 12726878, 10444902, 10625647, 156974703, 108725362, 4516987, 44504192, 87734913, 44164226, 147417733, 136905875, 183600280, 112820381, 189961386, 263762605, 174673586, 47549624, 225941180, 431301, 100173013, 145277172, 168974601, 183164179, 243746587, 18216221, 172554526, 152085294, 177372466, 155226421, 372824885, 210523445, 165466937, 12144956, 220670281, 206096716, 2867538, 167539546, 173533022, 17705321, 413322605, 12489585, 3457916, 15646591, 150714249, 138096016, 157676442, 9822647, 120007101, 183890368, 133126593, 224444359, 139429320, 224304589, 217431503, 184211412, 267599840, 7153638, 213552619, 222792684, 150558189, 97653747, 81769463, 2203645}
224444359
	 {23101446, 201564683, 197771787, 2956812, 101576717, 195244048, 140051985, 88747538, 174263316, 152426005, 421581863, 26289213, 370672193, 220805192, 164108897, 326353517, 10625647, 108725362, 214278779, 44504192, 87734913, 80096908, 98530963, 183600280, 275761817, 78153375, 227326627, 182409893, 215018662, 176390826, 263762605, 174673586, 138177715, 73000636, 431301, 172451528, 244765914, 195247327, 275879172, 167007494, 168974601, 82778415, 210523445, 273411381, 372824885, 12144956, 158837066, 2867538, 54792021, 78666584, 160121690, 167539546, 173533022, 413322605, 338302319, 259109236, 167634310, 247974279, 346755975, 150714249, 190186380, 138096016, 221148583, 214832041, 213779374, 180984751, 278086071, 252642233, 135201725, 169539020, 224304589, 267599840, 271061482, 213552619, 134313457, 97653747, 54890996, 222479355}
137223109
	 {44164226, 185953283, 338292740, 275879172, 23101446, 167007494, 168974601, 150714249, 201564683, 504110604, 160118413, 48798224, 258548369, 138096016, 164207379, 233534865, 93664533, 88747538, 140051985, 183600280, 98530963, 221263003, 100185118, 480173858, 227326627, 182409893, 65289253, 104742951, 215018662, 209044777, 189961386, 259081770, 155455916, 152085294, 213779374, 423796399, 165686705, 310068402, 245122354, 210523445, 278086071, 47549624, 165466937, 191886137, 61094587, 12144956, 390363452, 165640766, 162059324, 322889280, 133126593, 179259332, 85030597, 21561414, 220805192, 169539020, 217431503, 2867538, 326208087, 30216280, 160121690, 210835290, 90902620, 227188699, 173533022, 72496224, 164108897, 543162088, 211421803, 10625647, 338302319, 265972599, 167224312, 222479355, 209482620, 122425213}
220805192
	 {68603392, 87734913, 44164226, 84214403, 275879172, 173315713, 23101446, 346755975, 167007494, 3687687, 150714249, 197771787, 95578891, 2956812, 11529230, 48798224, 140051985, 98530963, 93664533, 275761817, 182409893, 65289253, 104742951, 384555688, 421581863, 189961386, 209044777, 155455916, 199626542, 102787761, 174673586, 138177715, 160867507, 131546420, 210523445, 209272119, 165466937, 61094587, 12144956, 225941180, 165640766, 322889280, 133126593, 3750338, 370672193, 137223109, 75071047, 224444359, 224304589, 217431503, 159252944, 2867538, 54792021, 250840790, 30216280, 167539546, 107534557, 173533022, 195247327, 449198046, 267599840, 379866082, 187162982, 7153638, 225824236, 413322605, 10625647, 22425585, 481217650, 54890996, 507364084, 161882869, 81769463, 122425213}
68603392
	 {44504192, 87734913, 44164226, 147417733, 213146374, 172528391, 3457916, 361133191, 121249032, 150714249, 2956812, 101576717, 80096908, 258548369, 152426005, 11278871, 41511575, 175158428, 172554526, 125269923, 138609700, 65289253, 24127397, 104742951, 261544232, 88613416, 226281256, 185086509, 263762605, 152085294, 180984751, 131546420, 210523445, 273411381, 142715832, 10873145, 252642233, 61094587, 12144956, 26289213, 47549624, 34143544, 78048192, 225941180, 77902788, 75071047, 220805192, 60848457, 172952009, 90644042, 206096716, 224304589, 100173013, 54792021, 78666584, 173865179, 21785564, 107534557, 12726878, 267991398, 167858535, 271061482, 83788140, 222792684, 18031725, 10625647, 150558189, 156974703, 108725362, 65195640, 20530298, 4516987, 65548540, 122425213}
258548369
	 {44504192, 87734913, 44164226, 68603392, 147417733, 23101446, 213146374, 172528391, 168974601, 171039241, 243783434, 80096908, 150714249, 156291087, 19385871, 140051985, 93664533, 152426005, 183600280, 243746587, 92585502, 138609700, 104742951, 88613416, 189961386, 132993580, 90316846, 152085294, 245122354, 174673586, 210523445, 273411381, 209272119, 252642233, 12144956, 26289213, 225941180, 64880318, 322889280, 133126593, 36279748, 137223109, 431301, 85030597, 172952009, 158837066, 206096716, 224304589, 100173013, 30216280, 78666584, 167539546, 90902620, 107534557, 12726878, 173533022, 52268001, 7153638, 167858535, 277313001, 271061482, 144991852, 10625647, 156974703, 54890996, 32444405, 20530298, 122425213}
245122354
	 {178114948, 275879172, 23101446, 251149573, 178383880, 168974601, 40860298, 167007494, 359800710, 184535053, 138096016, 258548369, 88747538, 140051985, 183600280, 176366874, 183899164, 480173858, 227326627, 182409893, 161239334, 173349671, 215018662, 133482151, 155455916, 213779374, 165686705, 169642165, 181088822, 278086071, 210523445, 10873145, 165466937, 289797558, 135201725, 165640766, 213016766, 317445313, 137223109, 123858120, 172451528, 229556682, 155341003, 169539020, 43790543, 219262927, 78666584, 177129818, 160121690, 210835290, 224086877, 449198046, 72496224, 164108897, 114776804, 43023207, 92162921, 222792684, 326353517, 18031725, 642065774, 338302319, 190524657, 144991852, 135330682, 52450171}
93664533
	 {87734913, 44164226, 84214403, 251149573, 23101446, 346755975, 3687687, 168974601, 150714249, 197771787, 95578891, 160118413, 258548369, 140051985, 98530963, 231481751, 275761817, 104742951, 170312104, 384555688, 189961386, 209044777, 132993580, 152085294, 213779374, 390571568, 374779957, 210523445, 209272119, 165466937, 61094587, 12144956, 26289213, 322889280, 137223109, 431301, 85030597, 220805192, 172451528, 217431503, 159252944, 2867538, 54792021, 326208087, 30216280, 540540251, 90902620, 227188699, 173533022, 195247327, 449198046, 7153638, 17705321, 225824236, 536243309, 10625647, 238706545, 22425585, 97653747, 54890996, 507364084, 161882869, 81769463, 222479355, 122425213}
225941180
	 {5579776, 87734913, 44164226, 68603392, 23101446, 172528391, 20530298, 150714249, 197771787, 2956812, 80096908, 11529230, 258548369, 98530963, 152426005, 11278871, 175158428, 125269923, 65289253, 88613416, 226281256, 189961386, 185086509, 263762605, 152085294, 131546420, 210523445, 209272119, 47549624, 10873145, 165466937, 34143544, 12144956, 26289213, 64880318, 78048192, 133126593, 322889280, 85030597, 220805192, 60848457, 172952009, 229556682, 206096716, 224304589, 2867538, 54792021, 78666584, 173865179, 107534557, 195247327, 72496224, 267599840, 180553701, 267991398, 7153638, 17705321, 222792684, 10625647, 22425585, 481217650, 81769463, 133589498, 3457916, 122425213}
54792021
	 {68603392, 87734913, 44164226, 320555396, 23101446, 213146374, 359800710, 171039241, 168974601, 197771787, 80096908, 101576717, 150714249, 246403472, 140051985, 138096016, 98530963, 213449616, 93664533, 183600280, 175158428, 384555688, 226281256, 176390826, 189961386, 214832041, 263762605, 180984751, 390571568, 174673586, 138177715, 210523445, 273411381, 372824885, 10873145, 252642233, 73000636, 26289213, 165640766, 225941180, 12144956, 370672193, 3750338, 224444359, 220805192, 172451528, 187300168, 382048331, 158837066, 172952009, 171165131, 224304589, 2867538, 167539546, 267599840, 7153638, 213552619, 225824236, 413322605, 162740719, 108725362, 481217650, 161882869, 133589498}
2867538
	 {87734913, 44164226, 275879172, 23101446, 3687687, 359800710, 168974601, 40860298, 150714249, 2956812, 48798224, 140051985, 136905875, 98530963, 93664533, 183600280, 175158428, 125269923, 256686505, 189961386, 263762605, 155226421, 210523445, 273411381, 252642233, 12144956, 225941180, 75563326, 133126593, 137223109, 431301, 224444359, 220805192, 220670281, 224304589, 217431503, 469299023, 54792021, 326208087, 78666584, 160121690, 167539546, 227188699, 107534557, 449198046, 195247327, 337551332, 7153638, 17705321, 271061482, 209666155, 213552619, 536243309, 413322605, 162740719, 10625647, 225824236, 108725362, 481217650, 507364084, 161882869, 134313457, 238706545}
98530963
	 {44504192, 173315713, 44164226, 275879172, 251149573, 167007494, 346755975, 359800710, 168974601, 197771787, 195244048, 140051985, 93664533, 183600280, 227326627, 65289253, 182409893, 215018662, 176390826, 189961386, 155455916, 323580334, 423796399, 102787761, 133589498, 138177715, 155226421, 133544248, 10873145, 252642233, 225941180, 165640766, 137223109, 224444359, 220805192, 172451528, 229556682, 224304589, 469299023, 159252944, 2867538, 54792021, 326208087, 30216280, 160121690, 167539546, 449198046, 195247327, 180553701, 7153638, 372935913, 277313001, 211421803, 271061482, 536243309, 413322605, 225824236, 134313457, 54890996, 161882869, 20530298, 222479355, 209482620}
23101446
	 {87734913, 44164226, 251149573, 346755975, 3687687, 168974601, 150714249, 197771787, 2956812, 160118413, 258548369, 93664533, 183600280, 112820381, 96688671, 65289253, 104742951, 421581863, 214832041, 176390826, 226281256, 263762605, 226180018, 177372466, 245122354, 210523445, 273411381, 165466937, 12144956, 135201725, 209064126, 225941180, 133126593, 3750338, 137223109, 431301, 85030597, 220805192, 220670281, 224444359, 217431503, 2867538, 184211412, 54792021, 167539546, 90902620, 12726878, 180553701, 7153638, 98448615, 413322605, 10625647, 156974703, 238706545, 108725362, 2203645, 145277172, 81769463, 4516987, 3457916, 122425213, 15646591}
47549624
	 {265324928, 68603392, 147417733, 213146374, 361133191, 209482620, 168974601, 243783434, 150714249, 2956812, 148906895, 48798224, 152426005, 154678294, 11278871, 243746587, 175158428, 187454110, 100185118, 78153375, 125269923, 138609700, 182409893, 65289253, 261544232, 88613416, 185086509, 88596532, 210523445, 273411381, 142715832, 10873145, 252642233, 12144956, 390363452, 120007101, 75563326, 26289213, 133126593, 225941180, 179259332, 137223109, 75071047, 220670281, 172952009, 90644042, 206096716, 185613774, 100173013, 78666584, 160121690, 72496224, 199847776, 267991398, 83788140, 222792684, 150558189, 195293431, 65195640, 4516987, 65548540}
359800710
	 {5579776, 44164226, 52450171, 275879172, 167007494, 222479355, 168974601, 40860298, 197771787, 201564683, 184535053, 48798224, 138096016, 88747538, 98530963, 172246422, 215025432, 176366874, 227326627, 593454499, 182409893, 215018662, 173349671, 190496677, 155455916, 82778415, 423796399, 165686705, 245122354, 138177715, 329635763, 169642165, 181088822, 278086071, 195012405, 165466937, 213016766, 123858120, 249642440, 229556682, 155341003, 169539020, 172451528, 43790543, 217431503, 219262927, 2867538, 54792021, 78666584, 177129818, 160121690, 210835290, 224086877, 449198046, 72496224, 164108897, 18031725, 338302319, 190524657, 133589498, 143616251}
165466937
	 {44164226, 320555396, 23101446, 213146374, 167007494, 168974601, 3687687, 359800710, 2956812, 101576717, 150714249, 48798224, 164207379, 93664533, 215025432, 157676442, 176366874, 243746587, 227326627, 138609700, 215018662, 61920679, 209044777, 189961386, 133771177, 213779374, 245122354, 131546420, 273411381, 132933301, 34143544, 191886137, 12144956, 26289213, 165640766, 75563326, 183890368, 76025405, 322889280, 225941180, 179259332, 137223109, 220805192, 68046923, 224304589, 217431503, 225736145, 160121690, 167539546, 210835290, 72496224, 267599840, 7153638, 17705321, 225824236, 122425213, 32444405, 133589498, 222479355, 193602173}
65289253
	 {68603392, 87734913, 44164226, 23101446, 172528391, 3687687, 171039241, 150714249, 197771787, 2956812, 80096908, 140051985, 98530963, 174263316, 152426005, 11278871, 175158428, 261544232, 88613416, 189961386, 226281256, 185086509, 263762605, 86139694, 152085294, 213779374, 174673586, 131546420, 372824885, 210523445, 273411381, 142715832, 10873145, 47549624, 61094587, 12144956, 26289213, 34143544, 76025405, 78048192, 133126593, 225941180, 77902788, 137223109, 85030597, 220805192, 60848457, 172952009, 229556682, 206096716, 78666584, 173865179, 107534557, 267599840, 267991398, 18031725, 10625647, 81769463, 20530298, 122425213}
183600280
	 {44164226, 275879172, 23101446, 167007494, 178383880, 171039241, 3687687, 168974601, 2956812, 97730438, 247974279, 150714249, 48798224, 140051985, 258548369, 98530963, 78153375, 480173858, 182409893, 17825191, 170312104, 189323945, 176390826, 189961386, 221148583, 155455916, 423796399, 82778415, 364553136, 245122354, 160867507, 210523445, 209272119, 252642233, 12144956, 165640766, 133126593, 36279748, 85030597, 137223109, 224444359, 172451528, 224304589, 2867538, 54792021, 167539546, 173533022, 164108897, 7153638, 99189099, 18031725, 413322605, 10625647, 642065774, 150558189, 54890996, 161882869, 222479355, 122425213}
431301
	 {44504192, 87734913, 44164226, 147417733, 23101446, 3687687, 267969928, 168974601, 171039241, 243783434, 2956812, 150714249, 11529230, 148906895, 19385871, 258548369, 93664533, 152426005, 104742951, 88613416, 189961386, 259081770, 132993580, 90316846, 152085294, 88596532, 372824885, 210523445, 9822647, 273411381, 209272119, 61094587, 12144956, 120007101, 26289213, 64880318, 133126593, 36279748, 224444359, 171165131, 206096716, 34759633, 2867538, 184211412, 100173013, 78666584, 12726878, 271061482, 213552619, 36828780, 413322605, 10625647, 145996272, 156974703, 108725362, 22425585, 20530298, 3457916, 2203645}
167007494
	 {173315713, 44164226, 185953283, 275879172, 359800710, 168974601, 40860298, 197771787, 201564683, 150714249, 48798224, 140051985, 88747538, 98530963, 164207379, 138096016, 183600280, 100185118, 480173858, 215018662, 147905319, 209044777, 214832041, 213779374, 323580334, 165686705, 310068402, 245122354, 210523445, 278086071, 10873145, 165466937, 73000636, 390363452, 165640766, 135201725, 137223109, 224444359, 220805192, 172451528, 169539020, 589302999, 30216280, 78666584, 167539546, 449198046, 195247327, 72496224, 164108897, 271061482, 144991852, 326353517, 413322605, 338302319, 150558189, 133589498, 222479355, 158500476, 122425213}
104742951
	 {44504192, 87734913, 44164226, 68603392, 147417733, 23101446, 3687687, 168974601, 171039241, 197771787, 2956812, 243783434, 11529230, 150714249, 100835857, 258548369, 93664533, 152426005, 593454499, 88613416, 189961386, 263762605, 152085294, 131546420, 210523445, 9822647, 209272119, 61094587, 12144956, 120007101, 26289213, 36279748, 137223109, 21561414, 431301, 220805192, 85030597, 269189579, 206096716, 1078732, 224304589, 100173013, 267599840, 196978915, 7153638, 17705321, 213552619, 413322605, 10625647, 145996272, 156974703, 108725362, 97653747, 22425585, 20530298, 3457916, 2203645}
88613416
	 {265324928, 87734913, 44164226, 68603392, 34746243, 147417733, 176726150, 172528391, 361133191, 121249032, 243783434, 172609412, 2956812, 150714249, 148906895, 258548369, 174263316, 172246422, 11278871, 187454110, 125269923, 138609700, 65289253, 104742951, 261544232, 189961386, 185086509, 90316846, 180984751, 174673586, 88596532, 155226421, 131546420, 210523445, 142715832, 47549624, 273411381, 225941180, 120007101, 26289213, 77902788, 431301, 220670281, 172952009, 224304589, 34759633, 100173013, 78666584, 48858714, 107534557, 199847776, 17705321, 213552619, 83788140, 222792684, 145996272, 65195640}
182409893
	 {44164226, 359800710, 222479355, 168974601, 197771787, 201564683, 48798224, 138096016, 88747538, 140051985, 98530963, 183600280, 221263003, 504017692, 78153375, 480173858, 215018662, 173349671, 152703914, 155455916, 213779374, 165686705, 245122354, 210523445, 278086071, 47549624, 10873145, 73000636, 135201725, 165640766, 36279748, 137223109, 179259332, 224444359, 220805192, 123858120, 229556682, 192916427, 169539020, 224304589, 172451528, 43790543, 217431503, 589302999, 160121690, 210835290, 72496224, 164108897, 271061482, 326353517, 413322605, 190524657, 134313457, 133589498, 52450171, 225904766}
413322605
	 {87734913, 173315713, 84214403, 275879172, 23101446, 167007494, 168974601, 150714249, 197771787, 2956812, 80096908, 11529230, 48798224, 98530963, 174263316, 183600280, 275761817, 157676442, 182409893, 104742951, 384555688, 189961386, 132993580, 235859116, 263762605, 423796399, 323580334, 174673586, 138177715, 210523445, 372824885, 252642233, 12144956, 370672193, 3750338, 431301, 224444359, 220805192, 224304589, 217431503, 2867538, 54792021, 78666584, 167539546, 195247327, 267599840, 187162982, 7153638, 271061482, 213552619, 10625647, 81769463, 507364084, 161882869, 265972599, 133589498}
222792684
	 {68603392, 34746243, 147417733, 213146374, 361133191, 150714249, 170091146, 2956812, 80096908, 148906895, 138096016, 233534865, 140051985, 174263316, 152426005, 41511575, 11278871, 175158428, 187454110, 172554526, 24127397, 215018662, 88613416, 185086509, 90316846, 165686705, 245122354, 88596532, 142715832, 10873145, 47549624, 34143544, 137152185, 225941180, 118617278, 85030597, 60848457, 158837066, 4516987, 90644042, 219262927, 197314385, 100173013, 78666584, 160121690, 48858714, 199847776, 267991398, 83788140, 326353517, 338302319, 65195640, 52450171, 65548540, 122425213}
160121690
	 {173315713, 44164226, 52450171, 182142342, 359800710, 168974601, 184535053, 138096016, 140051985, 98530963, 215025432, 176366874, 227326627, 182409893, 215018662, 173349671, 384555688, 190496677, 155455916, 165686705, 245122354, 138177715, 169642165, 181088822, 278086071, 47549624, 165466937, 195012405, 179259332, 137223109, 224444359, 123858120, 249642440, 229556682, 172451528, 224304589, 43790543, 2867538, 177129818, 210835290, 224086877, 449198046, 72496224, 180553701, 189061607, 277313001, 222792684, 225824236, 338302319, 343230448, 190524657, 134313457, 133589498, 143616251}
165640766
	 {173315713, 338292740, 251149573, 167007494, 346755975, 222479355, 40860298, 197771787, 243783434, 160118413, 195244048, 140051985, 98530963, 183600280, 221263003, 182409893, 505643430, 384555688, 176390826, 323580334, 423796399, 226180018, 138177715, 245122354, 210523445, 165466937, 138990396, 26289213, 137223109, 220805192, 159252944, 34759633, 54792021, 78666584, 167539546, 449198046, 195247327, 379866082, 180553701, 372935913, 211421803, 225824236, 122425213, 642065774, 338302319, 134313457, 507364084, 81769463, 135330682, 52450171, 158500476, 510809213}
195247327
	 {44164226, 84214403, 167007494, 168974601, 40860298, 197771787, 195244048, 140051985, 380485010, 98530963, 93664533, 231481751, 275761817, 227664163, 384555688, 176390826, 323580334, 423796399, 390571568, 472957362, 138177715, 329635763, 155226421, 351357622, 210523445, 273411381, 252642233, 225941180, 165640766, 370672193, 3750338, 224444359, 220805192, 469299023, 159252944, 2867538, 326208087, 78666584, 167539546, 227188699, 449198046, 379866082, 271061482, 225824236, 536243309, 413322605, 162740719, 642065774, 238706545, 481217650, 507364084, 161882869}
44504192
	 {68603392, 87734913, 44164226, 172528391, 3687687, 168974601, 171039241, 197771787, 2956812, 243783434, 11529230, 19385871, 150714249, 258548369, 98530963, 174263316, 172554526, 104742951, 189961386, 174673586, 372824885, 210523445, 9822647, 273411381, 209272119, 61094587, 12144956, 26289213, 133126593, 343401921, 431301, 85030597, 224444359, 139429320, 220670281, 100173013, 107534557, 173533022, 267599840, 196978915, 7153638, 213552619, 10625647, 145996272, 156974703, 108725362, 97653747, 22425585, 20530298, 4516987, 3457916}
10873145
	 {68603392, 44164226, 34746243, 43358213, 167007494, 168974601, 171039241, 150714249, 148906895, 138096016, 233534865, 98530963, 174263316, 152426005, 275761817, 176366874, 175158428, 259290143, 182409893, 65289253, 256686505, 214832041, 155455916, 185086509, 30606127, 245122354, 210523445, 278086071, 47549624, 12144956, 135201725, 73000636, 225941180, 133126593, 206096716, 169539020, 100173013, 54792021, 78666584, 21785564, 72496224, 199847776, 99189099, 222792684, 18031725, 10625647, 65195640, 3457916, 122425213}
32444405
	 {290169988, 220004357, 172528391, 168974601, 171039241, 243783434, 80096908, 150714249, 100835857, 258548369, 152426005, 157676442, 243746587, 504017692, 175158428, 100185118, 236438558, 261544232, 86139694, 213891377, 160867507, 372824885, 210523445, 273411381, 209272119, 165466937, 252642233, 12144956, 26289213, 75563326, 76025405, 183890368, 367492695, 30216280, 78666584, 167539546, 107534557, 212943330, 180553701, 7153638, 167858535, 277313001, 156653674, 36828780, 145996272, 97653747, 54890996, 107757043, 222479355}
175158428
	 {5579776, 87734913, 68603392, 147417733, 213146374, 172528391, 361133191, 150714249, 80096908, 148906895, 100835857, 152426005, 11278871, 259290143, 54893729, 65289253, 261544232, 226281256, 185086509, 180984751, 174673586, 372824885, 273411381, 237586744, 10873145, 47549624, 34143544, 225941180, 75071047, 60848457, 206096716, 224304589, 2867538, 100173013, 54792021, 78666584, 173865179, 199847776, 213304801, 267991398, 222792684, 108725362, 233692275, 32444405, 65195640, 20530298, 4516987, 3457916}
172451528
	 {52450171, 275879172, 167007494, 222479355, 167634310, 168974601, 247974279, 197771787, 201564683, 101576717, 359800710, 138096016, 140051985, 88747538, 98530963, 233534865, 93664533, 183600280, 504017692, 78153375, 480173858, 182409893, 215018662, 17825191, 384555688, 209044777, 176390826, 221148583, 155455916, 213779374, 82778415, 245122354, 73000636, 224444359, 169539020, 224304589, 164678995, 54792021, 326208087, 244765914, 160121690, 173533022, 164108897, 326353517, 134313457, 54890996, 133589498, 214278779}
4516987
	 {44504192, 87734913, 44164226, 68603392, 147417733, 23101446, 150714249, 2956812, 11529230, 152426005, 11278871, 275761817, 175158428, 112820381, 18216221, 138609700, 421581863, 185086509, 177372466, 155226421, 9822647, 142715832, 252642233, 47549624, 154152248, 209064126, 133126593, 343401921, 220670281, 158837066, 172952009, 206096716, 184211412, 78666584, 21785564, 199847776, 10444902, 7153638, 17705321, 213552619, 222792684, 12489585, 108725362, 145277172, 3457916, 2203645, 15646591}
173533022
	 {44504192, 373245441, 84214403, 275879172, 167634310, 97730438, 168974601, 150714249, 197771787, 2956812, 48798224, 258548369, 380485010, 140051985, 174263316, 93664533, 183600280, 504017692, 153402141, 78153375, 221148583, 384555688, 124981032, 189961386, 155455916, 132993580, 213779374, 82778415, 210523445, 209272119, 61094587, 322889280, 133126593, 137223109, 85030597, 224444359, 220805192, 172451528, 224304589, 164678995, 326208087, 367492695, 244765914, 7153638, 134313457, 54890996, 214278779}
144991852
	 {173315713, 178114948, 213146374, 167007494, 197771787, 246403472, 258548369, 337258004, 176366874, 250281120, 20651043, 24127397, 215018662, 190496677, 152703914, 137982380, 235859116, 323580334, 245122354, 329635763, 169642165, 132933301, 278086071, 142715832, 252642233, 338324794, 135201725, 88654015, 155329471, 158837066, 382048331, 155341003, 224304589, 244992975, 159252944, 217431503, 219262927, 78666584, 72496224, 92162921, 372935913, 28643311, 343230448, 65195640, 406690810, 209482620}
174673586
	 {44504192, 87734913, 44164226, 172528391, 150714249, 2956812, 80096908, 19385871, 48798224, 258548369, 233534865, 136905875, 174263316, 220421397, 275761817, 175158428, 65289253, 505643430, 421581863, 88613416, 189961386, 263762605, 152085294, 180984751, 372824885, 210523445, 209272119, 118617278, 322889280, 85030597, 224444359, 220805192, 72112456, 347526859, 206096716, 54792021, 173865179, 267599840, 7153638, 413322605, 156974703, 108725362, 233692275, 81769463, 2203645, 15646591}
85030597
	 {44504192, 87734913, 44164226, 23101446, 3687687, 150714249, 11529230, 19385871, 258548369, 174263316, 93664533, 220421397, 183600280, 65289253, 104742951, 124981032, 189961386, 152085294, 174673586, 160867507, 210523445, 273411381, 209272119, 61094587, 12144956, 73000636, 225941180, 133126593, 209933889, 137223109, 206096716, 112652369, 164678995, 326208087, 30216280, 18269018, 107534557, 173533022, 267991398, 7153638, 222792684, 10625647, 145996272, 156974703, 2203645, 15646591}
243783434
	 {44504192, 147417733, 168974601, 150714249, 197771787, 148906895, 100835857, 258548369, 174263316, 152426005, 154678294, 157676442, 243746587, 138609700, 24127397, 104742951, 88613416, 90316846, 86139694, 423796399, 88596532, 210523445, 273411381, 47549624, 252642233, 61094587, 26289213, 165640766, 171979202, 431301, 6316617, 158837066, 224304589, 34759633, 100173013, 30216280, 78666584, 107534557, 267599840, 167858535, 36828780, 20876397, 150558189, 107757043, 32444405, 133589498}
107534557
	 {44504192, 68603392, 44164226, 176726150, 213146374, 150714249, 243783434, 197771787, 101576717, 138096016, 100835857, 258548369, 174263316, 243746587, 92585502, 20651043, 65289253, 261544232, 88613416, 189961386, 213779374, 160867507, 210523445, 273411381, 209272119, 252642233, 12144956, 26289213, 225941180, 322889280, 133126593, 85030597, 220805192, 172952009, 158837066, 206096716, 2867538, 78666584, 90902620, 267599840, 7153638, 167858535, 189061607, 10625647, 32444405}
152085294
	 {68603392, 87734913, 44164226, 147417733, 3687687, 168974601, 150714249, 2956812, 160118413, 140051985, 258548369, 174263316, 152426005, 93664533, 220421397, 65289253, 104742951, 124981032, 189961386, 174673586, 131546420, 243366453, 210523445, 273411381, 61094587, 225941180, 26289213, 12144956, 120007101, 209933889, 133126593, 431301, 85030597, 137223109, 206096716, 224304589, 225736145, 100173013, 177129818, 7153638, 213552619, 36828780, 10625647, 156974703, 122425213}
213779374
	 {87734913, 44164226, 167007494, 222479355, 168974601, 150714249, 201564683, 138096016, 233534865, 140051985, 93664533, 78153375, 480173858, 227326627, 182409893, 65289253, 17825191, 133482151, 189961386, 82778415, 423796399, 245122354, 165466937, 73000636, 179259332, 137223109, 224444359, 172451528, 169539020, 78666584, 30216280, 244765914, 90902620, 107534557, 173533022, 267599840, 164108897, 326353517, 10625647, 134313457, 54890996, 507364084, 133589498, 214278779, 209482620}
54890996
	 {44164226, 275879172, 167634310, 168974601, 150714249, 197771787, 80096908, 101576717, 48798224, 258548369, 233534865, 140051985, 98530963, 93664533, 183600280, 275761817, 421581863, 384555688, 214832041, 176390826, 17825191, 155455916, 185086509, 213779374, 82778415, 221148583, 210523445, 26289213, 64880318, 322889280, 224444359, 220805192, 172451528, 158837066, 217431503, 90902620, 173533022, 337551332, 277313001, 10625647, 156974703, 134313457, 32444405, 214278779}
171039241
	 {44504192, 87734913, 3687687, 150714249, 19385871, 100835857, 258548369, 152426005, 183600280, 243746587, 65289253, 104742951, 189961386, 204397611, 160867507, 210523445, 273411381, 209272119, 372824885, 10873145, 12144956, 26289213, 64880318, 133126593, 36279748, 431301, 171165131, 169539020, 224304589, 225736145, 100173013, 54792021, 78666584, 167539546, 267599840, 7153638, 271061482, 150558189, 10625647, 156974703, 211311986, 97653747, 32444405, 20530298}
3687687
	 {44504192, 87734913, 44164226, 251149573, 23101446, 168974601, 171039241, 197771787, 95578891, 150714249, 11529230, 93664533, 183600280, 92585502, 138609700, 65289253, 104742951, 189961386, 263762605, 152085294, 210523445, 9822647, 209272119, 165466937, 12144956, 26289213, 133126593, 36279748, 431301, 85030597, 220805192, 2867538, 12726878, 7153638, 372935913, 10625647, 145996272, 156974703, 137888114, 97653747, 108725362, 22425585, 3457916, 2203645}
209272119
	 {44504192, 87734913, 44164226, 3687687, 171039241, 198938250, 201564683, 150714249, 160118413, 11529230, 258548369, 93664533, 183600280, 100185118, 104742951, 259081770, 174673586, 160867507, 210523445, 12144956, 26289213, 225941180, 133126593, 431301, 85030597, 220805192, 206096716, 107534557, 16447070, 173533022, 267599840, 213304801, 180553701, 7153638, 167858535, 156653674, 10625647, 145996272, 156974703, 22425585, 97653747, 32444405, 122425213, 225904766}
72496224
	 {167007494, 359800710, 168974601, 201564683, 152426005, 176366874, 100185118, 250281120, 227326627, 138609700, 182409893, 215018662, 147905319, 214832041, 155455916, 165686705, 245122354, 117891251, 289797558, 278086071, 47549624, 165466937, 10873145, 225941180, 135201725, 155329471, 179259332, 137223109, 123858120, 169539020, 43790543, 589302999, 160121690, 210835290, 164108897, 161083259, 92162921, 144991852, 18031725, 338302319, 195293431, 65195640, 222479355}
100173013
	 {44504192, 68603392, 147417733, 361133191, 121249032, 168974601, 171039241, 243783434, 2956812, 148906895, 258548369, 174263316, 152426005, 11278871, 243746587, 175158428, 187454110, 259290143, 125269923, 104742951, 88613416, 189961386, 185086509, 90316846, 152085294, 88596532, 210523445, 142715832, 10873145, 47549624, 26289213, 431301, 172952009, 6316617, 206096716, 34759633, 78666584, 12726878, 199847776, 222792684, 10625647, 145996272, 122425213}
138096016
	 {52450171, 167007494, 359800710, 222479355, 168974601, 201564683, 2956812, 140051985, 88747538, 221263003, 78153375, 480173858, 182409893, 215018662, 221148583, 152703914, 213779374, 82778415, 245122354, 210523445, 278086071, 10873145, 252642233, 73000636, 12144956, 179259332, 137223109, 224444359, 172451528, 169539020, 43790543, 54792021, 78666584, 160121690, 107534557, 164108897, 222792684, 326353517, 12489585, 134313457, 167224312, 133589498, 214278779}
80096908
	 {68603392, 87734913, 43358213, 172528391, 150714249, 100835857, 258548369, 174263316, 152426005, 11278871, 175158428, 259290143, 65289253, 261544232, 214832041, 189961386, 226281256, 90316846, 174673586, 372824885, 210523445, 273411381, 237586744, 34143544, 225941180, 26289213, 224444359, 60848457, 172952009, 206096716, 54792021, 78666584, 173865179, 213304801, 267991398, 167858535, 83788140, 222792684, 18031725, 413322605, 54890996, 32444405, 360591743}
167539546
	 {44164226, 275879172, 23101446, 167007494, 346755975, 171039241, 197771787, 2956812, 156291087, 140051985, 258548369, 98530963, 183600280, 243746587, 209044777, 263762605, 199626542, 102787761, 372824885, 210523445, 273411381, 165466937, 252642233, 12144956, 165640766, 3750338, 224444359, 220805192, 139429320, 224304589, 217431503, 2867538, 54792021, 30216280, 195247327, 379866082, 7153638, 188621416, 413322605, 12489585, 507364084, 32444405}
185086509
	 {5579776, 68603392, 265324928, 147417733, 361133191, 121249032, 150714249, 101576717, 156291087, 148906895, 174263316, 152426005, 11278871, 175158428, 187454110, 172554526, 20651043, 125269923, 65289253, 88613416, 226281256, 261544232, 47549624, 10873145, 142715832, 225941180, 77902788, 60848457, 172952009, 206096716, 100173013, 78666584, 173865179, 199847776, 83788140, 18031725, 222792684, 150558189, 54890996, 65195640, 4516987}
169539020
	 {167007494, 222479355, 359800710, 168974601, 171039241, 197771787, 201564683, 138096016, 88747538, 100185118, 78153375, 480173858, 182409893, 17825191, 124981032, 214832041, 152703914, 213779374, 82778415, 245122354, 160867507, 278086071, 10873145, 73000636, 135201725, 64880318, 137223109, 224444359, 172451528, 214278779, 72496224, 164108897, 99189099, 326353517, 150558189, 338302319, 21854966, 133589498, 52450171, 158500476, 160816510}
278086071
	 {52450171, 167007494, 167634310, 359800710, 168974601, 138096016, 140051985, 88747538, 480173858, 227326627, 182409893, 215018662, 173349671, 214832041, 155455916, 245122354, 329635763, 169642165, 10873145, 73000636, 135201725, 179259332, 137223109, 224444359, 123858120, 229556682, 169539020, 219262927, 589302999, 160121690, 210835290, 224086877, 72496224, 164108897, 92162921, 99189099, 144991852, 326353517, 338302319, 214278779}
48798224
	 {275879172, 167007494, 359800710, 168974601, 150714249, 197771787, 19385871, 140051985, 88747538, 233534865, 183600280, 593454499, 182409893, 124981032, 132993580, 155455916, 174673586, 160867507, 243366453, 210523445, 47549624, 165466937, 162059324, 322889280, 137223109, 220805192, 229556682, 217431503, 2867538, 78666584, 90902620, 173533022, 267599840, 213304801, 225824236, 413322605, 10625647, 156974703, 238706545, 54890996}
155226421
	 {44164226, 34746243, 150714249, 2956812, 140051985, 98530963, 174263316, 112820381, 190095389, 421581863, 88613416, 17825191, 86139694, 210523445, 273411381, 372824885, 252642233, 76025405, 75563326, 118767424, 343401921, 139429320, 172952009, 229556682, 2867538, 78666584, 195247327, 7153638, 277313001, 213552619, 225824236, 150558189, 145996272, 12489585, 134313457, 107757043, 81769463, 133589498, 4516987}
164108897
	 {167007494, 359800710, 222479355, 168974601, 201564683, 101576717, 138096016, 140051985, 88747538, 183600280, 78153375, 480173858, 227326627, 182409893, 215018662, 17825191, 209044777, 214832041, 152703914, 155455916, 213779374, 82778415, 245122354, 278086071, 73000636, 135201725, 291822399, 137223109, 224444359, 172451528, 169539020, 589302999, 72496224, 326353517, 338302319, 134313457, 167224312, 133589498, 214278779}
108725362
	 {44504192, 87734913, 44164226, 84214403, 68603392, 23101446, 172528391, 3687687, 197771787, 190186380, 2956812, 19385871, 174263316, 63187225, 175158428, 104742951, 421581863, 189961386, 263762605, 180984751, 174673586, 372824885, 210523445, 12144956, 73000636, 133126593, 431301, 224444359, 220670281, 2867538, 54792021, 12726878, 196978915, 213552619, 10625647, 156974703, 4516987, 3457916, 2203645}
75563326
	 {34746243, 172528391, 136905875, 174263316, 183164179, 152426005, 243746587, 504017692, 61920679, 235859116, 90316846, 86139694, 131546420, 155226421, 273411381, 47549624, 165466937, 252642233, 34143544, 26289213, 76025405, 183890368, 118767424, 139429320, 90644042, 68046923, 225736145, 2867538, 141268, 78666584, 69835867, 221652705, 267991398, 7153638, 213552619, 97653747, 107757043, 32444405}
155455916
	 {275879172, 359800710, 168974601, 48798224, 140051985, 233534865, 98530963, 183600280, 183899164, 78153375, 480173858, 227326627, 182409893, 423796399, 165686705, 245122354, 273411381, 181088822, 278086071, 10873145, 137223109, 220805192, 123858120, 172451528, 229556682, 224304589, 367492695, 160121690, 210835290, 224086877, 173533022, 72496224, 164108897, 7153638, 99189099, 190524657, 54890996, 143616251}
61094587
	 {44504192, 87734913, 44164226, 68603392, 236886150, 150714249, 243783434, 160118413, 148906895, 93664533, 96688671, 78153375, 65289253, 104742951, 189961386, 152085294, 160867507, 131546420, 210523445, 9822647, 12144956, 26289213, 133126593, 36279748, 137223109, 431301, 85030597, 220805192, 34759633, 326208087, 173533022, 7153638, 36828780, 20876397, 156974703, 145996272, 22425585}
148906895
	 {265324928, 147417733, 121249032, 243783434, 152426005, 243746587, 175158428, 187454110, 125269923, 88613416, 189961386, 185086509, 90316846, 177372466, 88596532, 210523445, 47549624, 237586744, 10873145, 61094587, 142715832, 26289213, 431301, 6316617, 60848457, 220670281, 172952009, 34759633, 100173013, 78666584, 199847776, 222792684, 150558189, 145996272, 107757043, 65195640, 510809213}
251149573
	 {173315713, 84214403, 23101446, 3687687, 346755975, 168974601, 40860298, 95578891, 289800971, 150714249, 98530963, 93664533, 231481751, 133482151, 384555688, 423796399, 390571568, 245122354, 226180018, 374779957, 351357622, 210523445, 133544248, 489740726, 12144956, 165640766, 230210504, 217431503, 159252944, 326208087, 78666584, 227188699, 449198046, 372935913, 323010410, 417067384, 510809213}
122425213
	 {68603392, 87734913, 23101446, 167007494, 213146374, 168974601, 150714249, 101576717, 140051985, 258548369, 164207379, 93664533, 220421397, 183600280, 65289253, 209044777, 189961386, 214832041, 152085294, 209272119, 34143544, 10873145, 165466937, 191886137, 225941180, 252642233, 165640766, 322889280, 137223109, 220805192, 172952009, 224304589, 100173013, 326208087, 30216280, 222792684, 10625647}
34143544
	 {5579776, 68603392, 34746243, 147417733, 172528391, 80096908, 156291087, 164207379, 11278871, 175158428, 54893729, 65289253, 261544232, 209044777, 226281256, 165466937, 225941180, 75563326, 88654015, 78048192, 133126593, 118617278, 322889280, 75071047, 72112456, 60848457, 172952009, 206096716, 173865179, 187162982, 267991398, 222792684, 18031725, 65195640, 20530298, 122425213}
322889280
	 {44164226, 320555396, 150714249, 197771787, 156291087, 48798224, 258548369, 164207379, 93664533, 157676442, 250281120, 209044777, 133771177, 214832041, 263762605, 174673586, 131546420, 210523445, 372824885, 34143544, 165466937, 225941180, 12144956, 137223109, 220805192, 187300168, 229556682, 206096716, 224304589, 107534557, 173533022, 267599840, 189061607, 156974703, 54890996, 122425213}
159252944
	 {84214403, 338292740, 251149573, 150714249, 140051985, 380485010, 98530963, 93664533, 231481751, 275761817, 504017692, 505643430, 384555688, 189323945, 176390826, 170312104, 178583465, 323580334, 423796399, 390571568, 138177715, 210523445, 133544248, 12144956, 165640766, 370672193, 220805192, 78666584, 195247327, 379866082, 144991852, 642065774, 162740719, 161882869, 301815934}
88747538
	 {52450171, 167007494, 359800710, 178383880, 168974601, 201564683, 156291087, 48798224, 138096016, 183899164, 78153375, 480173858, 182409893, 17825191, 152703914, 245122354, 329635763, 278086071, 142715832, 291822399, 179259332, 137223109, 224444359, 172451528, 229556682, 155341003, 169539020, 224304589, 43790543, 224086877, 164108897, 185537890, 103894757, 99189099, 222479355}
30216280
	 {87734913, 185953283, 167007494, 346755975, 150714249, 243783434, 2956812, 100835857, 140051985, 258548369, 98530963, 93664533, 243746587, 189961386, 263762605, 213779374, 102787761, 310068402, 210523445, 273411381, 252642233, 26289213, 85030597, 137223109, 220805192, 326208087, 167539546, 7153638, 150558189, 10625647, 107757043, 507364084, 32444405, 122425213}
271061482
	 {68603392, 87734913, 173315713, 167007494, 171039241, 168974601, 140051985, 258548369, 98530963, 92585502, 182409893, 214832041, 86139694, 210523445, 273411381, 372824885, 252642233, 26289213, 64880318, 36279748, 431301, 224444359, 172952009, 171165131, 469299023, 2867538, 78666584, 227188699, 195247327, 209666155, 413322605, 150558189, 10625647, 259109236}
145996272
	 {44504192, 3687687, 11529230, 148906895, 174263316, 152426005, 104742951, 88613416, 189961386, 88596532, 155226421, 9822647, 237586744, 209272119, 61094587, 26289213, 133126593, 343401921, 431301, 85030597, 139429320, 60848457, 220670281, 172952009, 136330319, 100173013, 213552619, 10625647, 156974703, 22425585, 97653747, 145277172, 107757043, 32444405}
11278871
	 {265324928, 5579776, 68603392, 178114948, 147417733, 172528391, 150714249, 80096908, 152426005, 175158428, 65289253, 261544232, 88613416, 226281256, 185086509, 142715832, 47549624, 34143544, 225941180, 78048192, 77902788, 60848457, 172952009, 206096716, 100173013, 78666584, 173865179, 199847776, 253582310, 222792684, 326353517, 18031725, 65195640, 4516987}
84214403
	 {251149573, 97730438, 346755975, 168974601, 197771787, 195244048, 140051985, 380485010, 185229588, 152426005, 93664533, 275761817, 153402141, 384555688, 289085224, 176390826, 256686505, 132993580, 323580334, 390571568, 138177715, 210523445, 12144956, 370672193, 220805192, 159252944, 244765914, 173533022, 195247327, 323010410, 413322605, 642065774, 161882869, 158500476}
176390826
	 {84214403, 338292740, 23101446, 178383880, 197771787, 195244048, 130188944, 98530963, 183600280, 221263003, 190095389, 248505381, 421581863, 384555688, 423796399, 364553136, 138177715, 210523445, 133544248, 165640766, 370672193, 224444359, 172451528, 159252944, 54792021, 162815190, 449198046, 195247327, 211421803, 225824236, 536243309, 642065774, 54890996, 135330682}
222479355
	 {185953283, 167007494, 359800710, 168974601, 201564683, 138096016, 140051985, 88747538, 98530963, 93664533, 183600280, 100185118, 480173858, 227326627, 182409893, 189323945, 189961386, 213779374, 310068402, 160867507, 210523445, 273411381, 165466937, 12144956, 390363452, 165640766, 137223109, 224444359, 172451528, 169539020, 72496224, 164108897, 167858535, 32444405}
173315713
	 {87734913, 338292740, 251149573, 167007494, 40860298, 197771787, 11529230, 98530963, 152426005, 221263003, 505643430, 189961386, 323580334, 423796399, 82778415, 226180018, 210523445, 26289213, 64880318, 165640766, 220805192, 34759633, 78666584, 160121690, 449198046, 379866082, 180553701, 372935913, 271061482, 144991852, 536243309, 413322605, 134313457, 507364084}
229556682
	 {44164226, 275879172, 359800710, 168974601, 156291087, 48798224, 88747538, 98530963, 215025432, 176366874, 183899164, 182409893, 65289253, 173349671, 215018662, 152703914, 155455916, 161326254, 263235631, 245122354, 155226421, 210523445, 278086071, 225941180, 213016766, 322889280, 206096716, 43790543, 219262927, 112652369, 160121690, 81769463, 52450171}
133589498
	 {87734913, 44164226, 275879172, 167007494, 359800710, 150714249, 243783434, 197771787, 101576717, 138096016, 140051985, 98530963, 157676442, 182409893, 189961386, 213779374, 180984751, 155226421, 210523445, 273411381, 165466937, 225941180, 172451528, 206096716, 169539020, 224304589, 54792021, 160121690, 267599840, 164108897, 225824236, 413322605, 233692275}
100835857
	 {172528391, 171039241, 243783434, 150714249, 80096908, 160118413, 152426005, 243746587, 175158428, 78153375, 104742951, 178583465, 189961386, 86139694, 210523445, 273411381, 252642233, 26289213, 183890368, 36279748, 224304589, 30216280, 107534557, 7153638, 368548967, 167858535, 156653674, 36828780, 20876397, 10625647, 165094386, 97653747, 32444405}
227326627
	 {359800710, 222479355, 168974601, 201564683, 140051985, 98530963, 215018662, 214832041, 259081770, 155455916, 213779374, 165686705, 245122354, 195012405, 181088822, 210523445, 278086071, 191886137, 165466937, 135201725, 179259332, 137223109, 21561414, 224444359, 123858120, 160121690, 210835290, 224086877, 72496224, 164108897, 338302319, 190524657, 143616251}
97653747
	 {44504192, 3687687, 171039241, 168974601, 201564683, 2956812, 140051985, 100835857, 174263316, 93664533, 100185118, 104742951, 86139694, 213891377, 160867507, 210523445, 273411381, 209272119, 372824885, 12144956, 26289213, 75563326, 224444359, 139429320, 225736145, 78666584, 180553701, 156653674, 213552619, 10625647, 156974703, 145996272, 32444405}
217431503
	 {44164226, 251149573, 23101446, 359800710, 150714249, 197771787, 2956812, 48798224, 140051985, 93664533, 275761817, 92585502, 182409893, 421581863, 384555688, 199626542, 138177715, 210523445, 165466937, 137223109, 220805192, 224304589, 2867538, 250840790, 167539546, 449198046, 372935913, 144991852, 413322605, 10625647, 54890996, 81769463}
275761817
	 {84214403, 275879172, 197771787, 380485010, 93664533, 421581863, 384555688, 263762605, 174673586, 138177715, 210523445, 372824885, 10873145, 73000636, 370672193, 224444359, 220805192, 382048331, 224304589, 217431503, 159252944, 195247327, 379866082, 413322605, 642065774, 81769463, 507364084, 161882869, 54890996, 265972599, 4516987}
73000636
	 {44164226, 167007494, 168974601, 201564683, 197771787, 190186380, 138096016, 140051985, 275761817, 480173858, 182409893, 421581863, 17825191, 214832041, 263762605, 213779374, 278086071, 10873145, 58597570, 85030597, 224444359, 172451528, 169539020, 224304589, 54792021, 589302999, 164108897, 99189099, 326353517, 338302319, 108725362}
210835290
	 {167634310, 359800710, 201564683, 184535053, 140051985, 100185118, 227326627, 182409893, 215018662, 190496677, 214832041, 155455916, 165686705, 245122354, 160867507, 169642165, 181088822, 195012405, 278086071, 165466937, 390363452, 137223109, 123858120, 249642440, 219262927, 160121690, 72496224, 180553701, 338302319, 190524657, 143616251}
160867507
	 {97730438, 171039241, 168974601, 201564683, 19385871, 48798224, 183600280, 236438558, 100185118, 78153375, 480173858, 124981032, 189323945, 423796399, 209272119, 61094587, 162059324, 12144956, 36279748, 85030597, 220805192, 169539020, 210835290, 107534557, 180553701, 10625647, 97653747, 32444405, 20530298, 222479355}
150558189
	 {68603392, 167007494, 213146374, 171039241, 243783434, 2956812, 148906895, 69690897, 183600280, 243746587, 187454110, 209044777, 214832041, 185086509, 90316846, 155226421, 210523445, 47549624, 252642233, 26289213, 172952009, 169539020, 224304589, 78666584, 30216280, 267599840, 267991398, 7153638, 271061482, 160816510}
60848457
	 {68603392, 172528391, 121249032, 150714249, 80096908, 148906895, 154678294, 11278871, 175158428, 159179937, 65289253, 185086509, 273411381, 237586744, 34143544, 142715832, 225941180, 343401921, 172952009, 206096716, 78666584, 173865179, 132070238, 199847776, 267991398, 222792684, 338302319, 145996272, 195293431}
40860298
	 {173315713, 251149573, 167007494, 359800710, 168974601, 95578891, 289800971, 140051985, 380485010, 231481751, 323580334, 423796399, 226180018, 138177715, 245122354, 210523445, 489740726, 262088761, 252642233, 12144956, 165640766, 278785602, 469299023, 2867538, 326208087, 449198046, 195247327, 323010410, 510809213}
3457916
	 {44504192, 68603392, 44164226, 23101446, 172528391, 3687687, 2956812, 156291087, 19385871, 175158428, 104742951, 9822647, 10873145, 12144956, 26289213, 225941180, 133126593, 431301, 220670281, 206096716, 184211412, 12726878, 17705321, 10625647, 108725362, 145277172, 4516987, 2203645, 15646591}
11529230
	 {44504192, 87734913, 44164226, 173315713, 3687687, 168974601, 197771787, 2956812, 104742951, 177372466, 210523445, 372824885, 209272119, 9822647, 225941180, 133126593, 343401921, 431301, 85030597, 220805192, 220670281, 1078732, 10444902, 413322605, 10625647, 145996272, 12489585, 4516987, 2203645}
225824236
	 {346755975, 168974601, 48798224, 140051985, 98530963, 93664533, 176390826, 180984751, 133589498, 138177715, 155226421, 133544248, 165466937, 165640766, 278785602, 171979202, 220805192, 224304589, 2867538, 54792021, 160121690, 449198046, 195247327, 267599840, 180553701, 213552619, 536243309, 507364084, 135330682}
326208087
	 {44164226, 251149573, 40860298, 95578891, 140051985, 98530963, 93664533, 323580334, 390571568, 240539440, 210523445, 273411381, 61094587, 356039743, 85030597, 137223109, 172451528, 197447629, 2867538, 30216280, 227188699, 173533022, 195247327, 209666155, 238706545, 417067384, 214278779, 122425213}
346755975
	 {84214403, 251149573, 23101446, 381113096, 214478985, 98530963, 93664533, 190095389, 169025832, 170312104, 423796399, 102787761, 394518068, 210523445, 489740726, 252642233, 12144956, 222030014, 165640766, 224444359, 220805192, 30216280, 167539546, 449198046, 225824236, 536243309, 238706545, 510809213}
131546420
	 {68603392, 87734913, 44164226, 150714249, 138609700, 65289253, 104742951, 88613416, 61920679, 235859116, 152085294, 210523445, 273411381, 165466937, 61094587, 12144956, 26289213, 75563326, 76025405, 322889280, 225941180, 75071047, 220805192, 206096716, 224304589, 69835867, 267599840, 7153638}
76025405
	 {373245441, 160118413, 174263316, 152426005, 243746587, 65289253, 235859116, 381446701, 90316846, 131546420, 155226421, 273411381, 165466937, 120007101, 75563326, 183890368, 118767424, 172952009, 68046923, 225736145, 78666584, 278931930, 69835867, 221652705, 7153638, 213552619, 32444405, 52450171}
78153375
	 {168974601, 150714249, 201564683, 138096016, 100835857, 88747538, 140051985, 183600280, 480173858, 182409893, 133482151, 124981032, 155455916, 213779374, 160867507, 47549624, 61094587, 12144956, 36279748, 179259332, 224444359, 172451528, 169539020, 164678995, 173533022, 164108897, 114776804, 189061607}
199847776
	 {265324928, 147417733, 361133191, 148906895, 174263316, 152426005, 11278871, 175158428, 187454110, 125269923, 88613416, 226281256, 185086509, 142715832, 10873145, 47549624, 77902788, 75071047, 60848457, 172952009, 65720056, 100173013, 78666584, 83788140, 222792684, 18031725, 65195640, 4516987}
125269923
	 {5579776, 68603392, 44164226, 265324928, 147417733, 361133191, 121249032, 150714249, 148906895, 152426005, 187454110, 88613416, 185086509, 273411381, 47549624, 142715832, 225941180, 220670281, 158837066, 172952009, 225736145, 2867538, 100173013, 78666584, 199847776, 83788140, 134313457, 65195640}
323580334
	 {173315713, 84214403, 167007494, 40860298, 197771787, 195244048, 98530963, 138177715, 338324794, 557295037, 165640766, 230210504, 159252944, 326208087, 78666584, 227188699, 449198046, 195247327, 379866082, 372935913, 323010410, 144991852, 413322605, 642065774, 162740719, 161882869, 158500476}
52450171
	 {5579776, 359800710, 168974601, 160118413, 138096016, 140051985, 88747538, 243746587, 182409893, 24127397, 152703914, 204397611, 245122354, 210523445, 278086071, 138990396, 76025405, 165640766, 179259332, 172451528, 229556682, 169539020, 43790543, 160121690, 224086877, 222792684, 326353517}
138609700
	 {68603392, 147417733, 213146374, 3687687, 243783434, 258548369, 468296216, 88613416, 423796399, 117891251, 131546420, 210523445, 47549624, 165466937, 252642233, 26289213, 120007101, 171979202, 6316617, 158837066, 224304589, 34759633, 225736145, 214351827, 72496224, 4516987, 193602173}
165686705
	 {167007494, 359800710, 168974601, 201564683, 184535053, 140051985, 183899164, 227326627, 182409893, 215018662, 190496677, 155455916, 245122354, 243366453, 181088822, 195012405, 137223109, 123858120, 249642440, 177129818, 160121690, 210835290, 224086877, 72496224, 222792684, 190524657, 143616251}
65195640
	 {265324928, 5579776, 68603392, 147417733, 361133191, 148906895, 152426005, 11278871, 175158428, 187454110, 125269923, 88613416, 152703914, 235859116, 185086509, 180984751, 142715832, 10873145, 47549624, 34143544, 220670281, 172952009, 78666584, 72496224, 199847776, 222792684, 144991852}
480173858
	 {167007494, 222479355, 168974601, 201564683, 138096016, 140051985, 88747538, 183600280, 78153375, 182409893, 221148583, 155455916, 213779374, 82778415, 245122354, 160867507, 278086071, 73000636, 291822399, 179259332, 137223109, 172451528, 169539020, 164108897, 326353517, 214278779, 209482620}
156291087
	 {96469505, 323972358, 101576717, 258548369, 88747538, 593454499, 24127397, 214832041, 209044777, 204397611, 185086509, 102787761, 181088822, 34143544, 252642233, 88654015, 322889280, 187300168, 229556682, 224304589, 167539546, 267599840, 337551332, 209666155, 213552619, 3457916}
132993580
	 {44164226, 84214403, 275879172, 97730438, 168974601, 150714249, 197771787, 160118413, 48798224, 140051985, 258548369, 93664533, 221263003, 153402141, 248505381, 17825191, 289085224, 256686505, 189961386, 210523445, 12144956, 431301, 244765914, 173533022, 209666155, 413322605}
507364084
	 {173315713, 44164226, 168974601, 197771787, 337258004, 93664533, 275761817, 209044777, 189961386, 213779374, 102787761, 210523445, 252642233, 165640766, 291822399, 220805192, 2867538, 30216280, 167539546, 195247327, 379866082, 211421803, 225824236, 413322605, 642065774, 134313457}
107757043
	 {5579776, 121249032, 150714249, 243783434, 148906895, 183164179, 174263316, 152426005, 243746587, 261544232, 189961386, 235859116, 90316846, 180984751, 155226421, 210523445, 273411381, 252642233, 26289213, 75563326, 118767424, 225736145, 78666584, 30216280, 145996272, 32444405}
120007101
	 {87734913, 44164226, 373245441, 197771787, 2956812, 174263316, 138609700, 104742951, 88613416, 204397611, 152085294, 210523445, 273411381, 142715832, 47549624, 26289213, 76025405, 431301, 225736145, 78666584, 278931930, 16447070, 213304801, 156974703, 265972599}
213146374
	 {5579776, 68603392, 96469505, 172528391, 101576717, 246403472, 258548369, 175158428, 138609700, 214832041, 47549624, 165466937, 252642233, 172952009, 158837066, 382048331, 224304589, 225736145, 54792021, 107534557, 267599840, 144991852, 222792684, 150558189, 122425213}
642065774
	 {84214403, 338292740, 197771787, 195244048, 140051985, 380485010, 183600280, 275761817, 248505381, 176390826, 323580334, 423796399, 364553136, 245122354, 138177715, 210523445, 165640766, 159252944, 78666584, 449198046, 195247327, 372935913, 536243309, 507364084, 161882869}
158837066
	 {213146374, 243783434, 101576717, 246403472, 258548369, 154678294, 125269923, 138609700, 214832041, 180984751, 252642233, 171979202, 75071047, 224444359, 382048331, 224304589, 54792021, 107534557, 144991852, 222792684, 63516653, 134313457, 54890996, 4516987}
135201725
	 {23101446, 167007494, 167634310, 100185118, 227326627, 182409893, 215018662, 214832041, 245122354, 278086071, 10873145, 224444359, 123858120, 169539020, 219262927, 244992975, 589302999, 72496224, 164108897, 99189099, 144991852, 326353517, 338302319, 343230448}
100185118
	 {167007494, 167634310, 201564683, 160118413, 236438558, 147905319, 160867507, 209272119, 47549624, 390363452, 12144956, 135201725, 179259332, 137223109, 169539020, 210835290, 72496224, 180553701, 99189099, 326353517, 338302319, 97653747, 32444405, 222479355}
167858535
	 {68603392, 44164226, 243783434, 80096908, 100835857, 258548369, 152426005, 189323945, 189961386, 273411381, 209272119, 12144956, 26289213, 78666584, 107534557, 213304801, 114776804, 36828780, 10625647, 156974703, 32444405, 222479355, 15646591}
17705321
	 {87734913, 44164226, 2956812, 136905875, 93664533, 192789664, 104742951, 88613416, 263762605, 123342766, 210523445, 273411381, 165466937, 225941180, 26289213, 133126593, 220670281, 2867538, 267599840, 7153638, 98448615, 4516987, 3457916}
180984751
	 {68603392, 87734913, 361133191, 172528391, 150714249, 101576717, 152426005, 175158428, 88613416, 174673586, 273411381, 75071047, 224444359, 158837066, 224304589, 54792021, 267991398, 213552619, 225824236, 108725362, 107757043, 65195640, 133589498}
20530298
	 {68603392, 44504192, 87734913, 44164226, 171039241, 19385871, 258548369, 98530963, 175158428, 65289253, 104742951, 160867507, 273411381, 34143544, 225941180, 162059324, 26289213, 12144956, 431301, 206096716, 10625647, 156974703, 81769463}
380485010
	 {84214403, 97730438, 168974601, 40860298, 150714249, 195244048, 275761817, 269482655, 170312104, 256686505, 384555688, 289085224, 252642233, 370672193, 21561414, 159252944, 173533022, 195247327, 180553701, 368548967, 323010410, 642065774, 65548540}
34759633
	 {173315713, 147417733, 168974601, 243783434, 148906895, 19385871, 152426005, 243746587, 138609700, 24127397, 88613416, 423796399, 226180018, 210523445, 61094587, 26289213, 165640766, 431301, 6316617, 100173013, 10625647, 510809213}
139429320
	 {44504192, 168974601, 84551435, 2956812, 136905875, 174263316, 183164179, 18216221, 189961386, 381446701, 155226421, 273411381, 26289213, 75563326, 21561414, 78666584, 167539546, 7153638, 156974703, 145996272, 12489585, 97653747}
173865179
	 {68603392, 150714249, 80096908, 11278871, 175158428, 65289253, 226281256, 214832041, 88387882, 185086509, 174673586, 34143544, 225941180, 72112456, 60848457, 172952009, 206096716, 224304589, 267599840, 267991398, 233692275}
82778415
	 {173315713, 167634310, 247974279, 359800710, 168974601, 201564683, 138096016, 140051985, 183600280, 480173858, 221148583, 213779374, 224444359, 172451528, 169539020, 173533022, 164108897, 326353517, 134313457, 54890996, 214278779}
214278779
	 {167634310, 247974279, 168974601, 197771787, 138096016, 140051985, 480173858, 221148583, 384555688, 213779374, 82778415, 278086071, 224444359, 172451528, 169539020, 326208087, 244765914, 173533022, 164108897, 134313457, 54890996}
225736145
	 {96469505, 373245441, 171039241, 176366874, 20651043, 138609700, 125269923, 124981032, 189961386, 152085294, 210523445, 132933301, 165466937, 252642233, 76025405, 120007101, 75563326, 78666584, 277313001, 97653747, 107757043}
390571568
	 {87734913, 84214403, 251149573, 170091146, 140051985, 236250385, 93664533, 231481751, 215025432, 356039743, 197447629, 159252944, 54792021, 326208087, 227188699, 267250270, 195247327, 449198046, 323010410, 161882869, 212170616}
75071047
	 {68603392, 44164226, 172528391, 168974601, 152426005, 175158428, 96688671, 221148583, 180984751, 131546420, 273411381, 34143544, 47549624, 220805192, 172952009, 158837066, 199847776, 267599840, 213552619, 18031725, 65720056}
22425585
	 {44504192, 87734913, 44164226, 3687687, 150714249, 160118413, 19385871, 93664533, 104742951, 210523445, 209272119, 61094587, 225941180, 133126593, 431301, 220805192, 206096716, 12726878, 7153638, 156974703, 145996272}
99189099
	 {140051985, 88747538, 215025432, 183600280, 183899164, 100185118, 92585502, 215018662, 17825191, 155455916, 195012405, 278086071, 10873145, 73000636, 135201725, 191444800, 179259332, 169539020, 326353517, 338302319}
187454110
	 {265324928, 147417733, 148906895, 69690897, 174263316, 152426005, 125269923, 88613416, 185086509, 142715832, 252642233, 47549624, 172952009, 100173013, 199847776, 83788140, 222792684, 150558189, 65195640, 160816510}
86139694
	 {243783434, 69690897, 100835857, 174263316, 54893729, 65289253, 189961386, 155226421, 210523445, 273411381, 252642233, 75563326, 21561414, 172952009, 78666584, 271061482, 213552619, 97653747, 259109236, 32444405}
238706545
	 {44164226, 23101446, 346755975, 214478985, 48798224, 140051985, 93664533, 472957362, 394518068, 252642233, 12144956, 281717951, 3750338, 2867538, 326208087, 227188699, 195247327, 267599840, 265972599, 510809213}
34746243
	 {18170373, 57050253, 174263316, 172554526, 54893729, 88613416, 155226421, 372824885, 34143544, 10873145, 26289213, 75563326, 90644042, 78666584, 18269018, 21785564, 114776804, 267991398, 213552619, 222792684}
361133191
	 {68603392, 147417733, 172528391, 121249032, 152426005, 175158428, 125269923, 88613416, 185086509, 180984751, 142715832, 47549624, 172952009, 100173013, 199847776, 267991398, 83788140, 222792684, 65195640}
123858120
	 {359800710, 140051985, 183899164, 227326627, 182409893, 215018662, 155455916, 165686705, 245122354, 278086071, 139375929, 135201725, 249642440, 43790543, 160121690, 210835290, 90902620, 224086877, 72496224}
167634310
	 {247974279, 101576717, 100185118, 221148583, 214832041, 82778415, 278086071, 135201725, 254798018, 224444359, 172451528, 589302999, 244765914, 210835290, 173533022, 338302319, 134313457, 54890996, 214278779}
259081770
	 {168974601, 198938250, 212903819, 160118413, 221263003, 227326627, 17825191, 209272119, 133126593, 137223109, 21561414, 431301, 16447070, 180553701, 43023207, 36828780, 156974703, 135330682, 225904766}
221263003
	 {173315713, 44164226, 338292740, 182409893, 21561414, 137223109, 168974601, 259081770, 211421803, 132993580, 176390826, 269189579, 423796399, 138096016, 210523445, 167224312, 135330682, 165640766}
221148583
	 {480173858, 3750338, 323972358, 75071047, 172451528, 168974601, 65153578, 167634310, 247974279, 224444359, 82778415, 138096016, 134313457, 54890996, 183600280, 244765914, 214278779, 173533022}
36828780
	 {431301, 7153638, 167858535, 124981032, 168974601, 259081770, 189961386, 243783434, 20876397, 160118413, 10625647, 152085294, 100835857, 210523445, 273411381, 170312104, 32444405, 61094587}
215025432
	 {191444800, 172609412, 359800710, 17825191, 65153578, 99189099, 192916427, 184535053, 229556682, 390571568, 140051985, 329635763, 195012405, 165466937, 176366874, 143616251, 504017692, 160121690}
124981032
	 {85030597, 180553701, 168974601, 189961386, 201564683, 169539020, 36828780, 152085294, 10625647, 48798224, 225736145, 140051985, 160867507, 243366453, 21854966, 243746587, 173533022, 78153375}
9822647
	 {44504192, 87734913, 431301, 104742951, 3457916, 220670281, 3687687, 4516987, 1078732, 2956812, 11529230, 145996272, 12489585, 210523445, 61094587, 12144956, 2203645}
379866082
	 {173315713, 220805192, 209044777, 197771787, 95578891, 323580334, 162740719, 159252944, 102787761, 81769463, 507364084, 161882869, 231481751, 275761817, 167539546, 165640766, 195247327}
421581863
	 {58597570, 23101446, 224444359, 220805192, 214832041, 176390826, 197771787, 224304589, 217431503, 108725362, 174673586, 54890996, 155226421, 81769463, 275761817, 4516987, 73000636}
92585502
	 {290169988, 3687687, 150714249, 214832041, 99189099, 172952009, 101576717, 224304589, 136330319, 217431503, 258548369, 271061482, 134313457, 152426005, 273411381, 243746587, 107534557}
143616251
	 {227326627, 190496677, 215018662, 359800710, 224086877, 184535053, 155455916, 219262927, 190524657, 165686705, 195012405, 181088822, 215025432, 160121690, 183899164, 210835290}
256686505
	 {84214403, 21561414, 97730438, 170312104, 168974601, 289085224, 323010410, 132993580, 150714249, 178583465, 2867538, 380485010, 10873145, 252642233, 12144956, 153402141}
136905875
	 {87734913, 44164226, 221652705, 133126593, 7153638, 139429320, 17705321, 68046923, 2956812, 381446701, 263762605, 174673586, 2867538, 141268, 273411381, 75563326}
97730438
	 {212943330, 84214403, 384555688, 168974601, 256686505, 197771787, 132993580, 289085224, 140051985, 380485010, 160867507, 173533022, 367492695, 183600280, 153402141, 160816510}
24127397
	 {68603392, 267599840, 20651043, 52450171, 226281256, 6316617, 243783434, 144991852, 222792684, 156291087, 34759633, 210523445, 133544248, 243746587, 138990396, 26289213}
219262927
	 {190496677, 215018662, 359800710, 229556682, 155341003, 222792684, 326353517, 144991852, 244992975, 338302319, 343230448, 245122354, 278086071, 210835290, 143616251, 135201725}
370672193
	 {87734913, 84214403, 224444359, 220805192, 176390826, 413322605, 159252944, 380485010, 138177715, 210523445, 372824885, 54792021, 161882869, 275761817, 195247327}
173349671
	 {182409893, 215018662, 43023207, 359800710, 229556682, 201564683, 161326254, 43790543, 338302319, 190524657, 245122354, 181088822, 278086071, 160121690, 224086877}
157676442
	 {322889280, 267599840, 275879172, 7153638, 150714249, 243783434, 133771177, 2956812, 413322605, 224304589, 372824885, 32444405, 165466937, 133589498, 243746587}
183890368
	 {243746587, 220004357, 7153638, 381113096, 252642233, 2956812, 100835857, 273411381, 32444405, 367492695, 165466937, 69835867, 76025405, 75563326}
95578891
	 {87734913, 379866082, 251149573, 3687687, 220805192, 17825191, 40860298, 197447629, 10625647, 93664533, 326208087, 99298683, 12144956, 449198046}
152703914
	 {164108897, 182409893, 247974279, 168974601, 229556682, 169539020, 144991852, 65195640, 138096016, 88747538, 154678294, 167224312, 52450171, 291822399}
481217650
	 {36279748, 220805192, 189323945, 178583465, 224304589, 469299023, 195244048, 2867538, 472957362, 161882869, 210523445, 54792021, 225941180, 195247327}
244765914
	 {84214403, 167634310, 221148583, 224444359, 168974601, 172451528, 197771787, 132993580, 213779374, 140051985, 134313457, 214278779, 153402141, 173533022}
18216221
	 {10444902, 7153638, 139429320, 220670281, 213552619, 2956812, 12489585, 177372466, 372824885, 4516987, 12144956, 2203645, 209064126, 15646591}
64880318
	 {173315713, 36279748, 431301, 180553701, 267969928, 171039241, 271061482, 171165131, 169539020, 10625647, 258548369, 54890996, 243746587, 225941180}
231481751
	 {379866082, 251149573, 40860298, 197771787, 323010410, 162740719, 390571568, 159252944, 161882869, 93664533, 210523445, 227188699, 195247327}
3750338
	 {23101446, 221148583, 220805192, 168974601, 413322605, 224304589, 238706545, 210523445, 54792021, 167539546, 12144956, 132070238, 195247327}
162740719
	 {379866082, 368548967, 170091146, 197771787, 323580334, 159252944, 2867538, 138177715, 161882869, 54792021, 231481751, 449198046, 195247327}
181088822
	 {227326627, 359800710, 173349671, 224086877, 155455916, 156291087, 244992975, 190524657, 245122354, 165686705, 160121690, 143616251, 210835290}
135330682
	 {338292740, 180553701, 21561414, 168974601, 259081770, 176390826, 212903819, 225824236, 423796399, 245122354, 167224312, 221263003, 165640766}
343401921
	 {44504192, 87734913, 60848457, 220670281, 11529230, 145996272, 174263316, 155226421, 210523445, 372824885, 78666584, 259109236, 4516987}
171165131
	 {87734913, 593454499, 36279748, 431301, 267969928, 171039241, 271061482, 224304589, 10625647, 210523445, 54792021, 2203645, 64880318}
213304801
	 {373245441, 167858535, 80096908, 90316846, 10625647, 48798224, 156974703, 273411381, 209272119, 78666584, 175158428, 120007101, 16447070}
195012405
	 {227326627, 190496677, 215018662, 359800710, 99189099, 224086877, 184535053, 165686705, 210835290, 215025432, 176366874, 143616251, 160121690}
323010410
	 {84214403, 251149573, 168974601, 40860298, 256686505, 197447629, 323580334, 390571568, 169206897, 380485010, 489740726, 231481751, 227188699}
209666155
	 {7153638, 150714249, 271061482, 132993580, 156291087, 343230448, 140051985, 2867538, 326208087, 252642233, 227188699, 281717951}
390363452
	 {160816510, 137223109, 167007494, 17825191, 147905319, 201564683, 140051985, 47549624, 252642233, 210835290, 222479355, 100185118}
189323945
	 {87734913, 7153638, 167858535, 289800971, 224304589, 159252944, 481217650, 160867507, 78666584, 183600280, 252642233, 222479355}
164207379
	 {322889280, 137223109, 167007494, 209044777, 189961386, 214832041, 172952009, 101576717, 224304589, 34143544, 165466937, 122425213}
504017692
	 {373245441, 182409893, 172451528, 144633481, 68046923, 159252944, 173533022, 174263316, 210523445, 32444405, 215025432, 75563326}
153402141
	 {84214403, 21561414, 97730438, 289085224, 168974601, 256686505, 132993580, 12144956, 252642233, 244765914, 65548540, 173533022}
226180018
	 {173315713, 251149573, 23101446, 289085224, 40860298, 423796399, 34759633, 210523445, 489740726, 262088761, 510809213, 165640766}
248505381
	 {384555688, 176390826, 197771787, 132993580, 536243309, 160118413, 642065774, 130188944, 138177715, 372824885, 351357622, 449198046}
536243309
	 {173315713, 248505381, 346755975, 176390826, 225824236, 642065774, 2867538, 98530963, 93664533, 210523445, 449198046, 195247327}
54893729
	 {34746243, 114776804, 18170373, 267991398, 72112456, 172952009, 86139694, 78666584, 88596532, 34143544, 175158428, 118617278}
220421397
	 {209933889, 87734913, 85030597, 189961386, 206096716, 152085294, 174673586, 117891251, 174263316, 152426005, 273411381, 122425213}
593454499
	 {87734913, 44164226, 373245441, 359800710, 104742951, 197771787, 171165131, 10625647, 48798224, 156291087, 141268, 69835867}
249642440
	 {356867492, 215018662, 359800710, 123858120, 160118413, 177129818, 165686705, 243366453, 273411381, 222589464, 160121690, 210835290}
373245441
	 {213304801, 593454499, 76025405, 253582310, 12489585, 225736145, 273411381, 78666584, 278931930, 504017692, 120007101, 173533022}
169642165
	 {178114948, 215018662, 359800710, 144991852, 18031725, 28643311, 245122354, 278086071, 160121690, 210835290, 155329471}
505643430
	 {173315713, 384555688, 289085224, 289800971, 423796399, 159252944, 174673586, 138177715, 12144956, 165640766, 269482655}
211421803
	 {338292740, 137223109, 176390826, 423796399, 338302319, 132070238, 98530963, 507364084, 210523445, 221263003, 165640766}
329635763
	 {195302916, 359800710, 192916427, 144991852, 213297136, 88747538, 278086071, 215025432, 252642233, 176366874, 195247327}
184535053
	 {215018662, 359800710, 17825191, 165686705, 245122354, 195012405, 215025432, 160121690, 143616251, 210835290}
156653674
	 {10625647, 136330319, 100835857, 213891377, 97653747, 174263316, 273411381, 32444405, 209272119, 12144956}
225904766
	 {87734913, 195302916, 182409893, 259081770, 198938250, 347526859, 160118413, 156974703, 209272119, 16447070}
65548540
	 {68603392, 267991398, 90644042, 222792684, 380485010, 41511575, 47549624, 48858714, 153402141, 118617278}
247974279
	 {167634310, 221148583, 172451528, 224444359, 152703914, 224304589, 82778415, 134313457, 183600280, 214278779}
246403472
	 {213146374, 323972358, 158837066, 382048331, 144991852, 101576717, 224304589, 273411381, 54792021, 88654015}
170312104
	 {346755975, 214478985, 256686505, 36828780, 195244048, 159252944, 380485010, 93664533, 183600280, 269482655}
114776804
	 {5579776, 54893729, 254798018, 34746243, 267991398, 167858535, 245122354, 152426005, 21785564, 78153375}
209482620
	 {480173858, 137223109, 144991852, 213779374, 423796399, 98530963, 78666584, 367492695, 47549624, 162059324}
154678294
	 {171979202, 60848457, 243783434, 158837066, 152703914, 136330319, 195293431, 47549624, 132070238, 291822399}
183899164
	 {185537890, 123858120, 229556682, 99189099, 155455916, 165686705, 88747538, 245122354, 143616251, 224086877}
510809213
	 {251149573, 346755975, 40860298, 148906895, 238706545, 226180018, 34759633, 165094386, 12144956, 165640766}
118617278
	 {54893729, 267991398, 72112456, 90644042, 222792684, 174673586, 41511575, 34143544, 48858714, 65548540}
69690897
	 {265324928, 160816510, 20651043, 253582310, 147905319, 150558189, 86139694, 174263316, 252642233, 187454110}
158500476
	 {84214403, 167007494, 384555688, 169539020, 323580334, 195244048, 140051985, 138177715, 78666584, 165640766}
118767424
	 {61920679, 213552619, 235859116, 90316846, 107757043, 155226421, 273411381, 69835867, 76025405, 75563326}
190496677
	 {359800710, 144991852, 219262927, 244992975, 165686705, 195012405, 589302999, 160121690, 143616251, 210835290}
133544248
	 {338292740, 251149573, 24127397, 176390826, 197771787, 225824236, 159252944, 98530963, 210523445}
187162982
	 {192789664, 220805192, 197771787, 413322605, 136330319, 12489585, 259109236, 161882869, 34143544}
41511575
	 {68603392, 267991398, 90644042, 222792684, 197314385, 48858714, 65548540, 118617278, 172554526}
244992975
	 {190496677, 43023207, 155341003, 144991852, 219262927, 343230448, 129046419, 181088822, 135201725}
136330319
	 {187162982, 156653674, 338302319, 145996272, 78666584, 273411381, 154678294, 237586744, 92585502}
289085224
	 {84214403, 97730438, 505643430, 256686505, 132993580, 380485010, 226180018, 489740726, 153402141}
68046923
	 {221652705, 7153638, 381446701, 136905875, 165466937, 504017692, 76025405, 75563326}
88654015
	 {187300168, 144991852, 156291087, 246403472, 28643311, 132933301, 274165750, 34143544}
196978915
	 {44504192, 104742951, 213552619, 381446701, 263762605, 108725362, 372824885, 63187225}
187300168
	 {322889280, 44164226, 209044777, 214832041, 224304589, 156291087, 54792021, 88654015}
291822399
	 {164108897, 480173858, 17825191, 178383880, 152703914, 88747538, 507364084, 154678294}
21785564
	 {68603392, 34746243, 114776804, 30606127, 177372466, 152426005, 10873145, 4516987}
162059324
	 {137223109, 204397611, 48798224, 233534865, 160867507, 367492695, 20530298, 209482620}
183164179
	 {7153638, 61920679, 139429320, 2956812, 12489585, 107757043, 273411381, 75563326}
367492695
	 {250281120, 183890368, 97730438, 209482620, 155455916, 32444405, 162059324, 173533022}
133482151
	 {251149573, 267991398, 168974601, 213779374, 245122354, 12144956, 154695326, 78153375}
172609412
	 {337551332, 88613416, 192916427, 172246422, 215025432, 252642233, 176366874, 360591743}
209064126
	 {10444902, 23101446, 220670281, 177372466, 4516987, 18216221, 15646591}
254798018
	 {265757761, 317445313, 357497313, 114776804, 167634310, 43023207, 335772476}
155341003
	 {359800710, 144991852, 219262927, 244992975, 88747538, 245122354, 243150587}
177129818
	 {359800710, 249642440, 152085294, 165686705, 245122354, 243366453, 160121690}
259109236
	 {87734913, 343401921, 187162982, 224444359, 150714249, 271061482, 86139694}
472957362
	 {381113096, 150714249, 469299023, 238706545, 481217650, 227188699, 195247327}
489740726
	 {251149573, 346755975, 289085224, 40860298, 323010410, 226180018, 262088761}
189061607
	 {322889280, 250281120, 103894757, 237586744, 160121690, 107534557, 78153375}
188621416
	 {87734913, 226281256, 209044777, 224304589, 210523445, 81769463, 167539546}
351357622
	 {248505381, 251149573, 321254985, 160118413, 210523445, 50628630, 195247327}
191886137
	 {96469505, 137223109, 168974601, 209044777, 165466937, 252642233, 122425213}
185953283
	 {137223109, 167007494, 197771787, 310068402, 30216280, 262088761, 222479355}
236438558
	 {220004357, 180553701, 201564683, 160867507, 32444405, 12144956, 100185118}
20651043
	 {24127397, 277313001, 144991852, 185086509, 225736145, 69690897, 107534557}
250281120
	 {322889280, 72496224, 103894757, 189061607, 144991852, 101576717, 367492695}
310068402
	 {185953283, 137223109, 167007494, 30216280, 262088761, 222479355, 12144956}
132933301
	 {144991852, 28643311, 225736145, 165466937, 176366874, 172554526, 88654015}
214478985
	 {346755975, 170312104, 178583465, 195244048, 238706545, 265972599}
63187225
	 {196978915, 213552619, 263762605, 108725362, 372824885, 273411381}
88387882
	 {44164226, 206096716, 233692275, 406690810, 173865179, 243150587}
320555396
	 {322889280, 267599840, 103894757, 224304589, 54792021, 165466937}
171979202
	 {138609700, 243783434, 158837066, 225824236, 161326254, 154678294}
18170373
	 {54893729, 34746243, 267991398, 72112456, 90644042, 172554526}
381446701
	 {196978915, 7153638, 139429320, 68046923, 136905875, 76025405}
243366453
	 {124981032, 249642440, 152085294, 48798224, 165686705, 177129818}
18269018
	 {44164226, 34746243, 85030597, 57050253, 263762605, 174263316}
43023207
	 {317445313, 254798018, 173349671, 259081770, 244992975, 245122354}
92162921
	 {72496224, 144991852, 245122354, 289797558, 278086071, 236438558}
364553136
	 {384555688, 372935913, 176390826, 197771787, 642065774, 183600280}
192916427
	 {172609412, 182409893, 329635763, 172246422, 215025432, 176366874}
20876397
	 {7153638, 243783434, 36828780, 160118413, 100835857, 61094587}
61920679
	 {118767424, 7153638, 183164179, 131546420, 165466937, 75563326}
209933889
	 {87734913, 85030597, 189961386, 152085294, 174263316, 220421397}
130188944
	 {248505381, 176390826, 197771787, 63516653, 169206897, 138177715}
212903819
	 {159840065, 175653637, 21561414, 259081770, 135330682, 170888347}
343230448
	 {209666155, 144991852, 219262927, 244992975, 160121690, 135201725}
262088761
	 {185953283, 40860298, 310068402, 226180018, 489740726}
117891251
	 {72496224, 138609700, 18031725, 220421397, 193602173}
213016766
	 {359800710, 229556682, 201564683, 245122354, 335772476}
178114948
	 {215018662, 144991852, 245122354, 169642165, 11278871}
170091146
	 {222792684, 162740719, 390571568, 140051985, 356039743}
269482655
	 {505643430, 21561414, 170312104, 168974601, 380485010}
178383880
	 {176390826, 88747538, 245122354, 183600280, 291822399}
290169988
	 {277313001, 134313457, 32444405, 273411381, 92585502}
98448615
	 {268678817, 153760902, 23101446, 17705321, 177372466}
540540251
	 {357497313, 7153638, 176726150, 93664533, 78666584}
185537890
	 {237479234, 338302319, 88747538, 183899164, 132070238}
198938250
	 {16447070, 259081770, 156974703, 209272119, 225904766}
221652705
	 {7153638, 68046923, 136905875, 76025405, 75563326}
103894757
	 {250281120, 320555396, 189061607, 88747538, 468296216}
141268
	 {133126593, 593454499, 136905875, 273411381, 75563326}
28643311
	 {144991852, 132933301, 169642165, 155329471, 88654015}
176726150
	 {88613416, 357497313, 540540251, 107534557}
222589464
	 {249642440, 356867492, 160118413, 7153638}
193602173
	 {468296216, 165466937, 117891251, 138609700}
190186380
	 {58597570, 73000636, 108725362, 224444359}
265757761
	 {150714249, 254798018, 44164226, 263762605}
368548967
	 {100835857, 380485010, 305198115, 162740719}
192789664
	 {17705321, 156974703, 187162982, 10625647}
161326254
	 {229556682, 171979202, 173349671, 43790543}
317445313
	 {247606841, 254798018, 245122354, 43023207}
237479234
	 {371800081, 185537890, 132070238, 338302319}
1078732
	 {9822647, 269189579, 11529230, 104742951}
337258004
	 {140051985, 338324794, 144991852, 507364084}
199626542
	 {220805192, 167539546, 217431503, 81769463}
240539440
	 {227188699, 197447629, 170738830, 326208087}
191444800
	 {215025432, 99189099, 160118413, 17825191}
43358213
	 {10873145, 80096908, 18031725}
371800081
	 {237479234, 132070238, 338302319}
213891377
	 {156653674, 97653747, 32444405}
269189579
	 {221263003, 1078732, 104742951}
212943330
	 {7153638, 32444405, 97730438}
468296216
	 {193602173, 138609700, 103894757}
96688671
	 {61094587, 23101446, 75071047}
138990396
	 {52450171, 24127397, 165640766}
253582310
	 {373245441, 69690897, 11278871}
406690810
	 {88387882, 144991852, 267250270}
62837788
	 {168974601, 233534865, 204397611}
356039743
	 {390571568, 170091146, 326208087}
166689965
	 {78666584, 65153578, 263762605}
162815190
	 {384555688, 176390826, 423796399}
338324794
	 {144991852, 337258004, 323580334}
289797558
	 {72496224, 92162921, 245122354}
394518068
	 {267599840, 238706545, 346755975}
278785602
	 {40860298, 164678995, 225824236}
154695326
	 {372935913, 83788140, 133482151}
347526859
	 {233534865, 174673586, 225904766}
250840790
	 {220805192, 263762605, 217431503}
65720056
	 {199847776, 18031725, 75071047}
84551435
	 {139429320, 83178898, 21561414}
123342766
	 {17705321, 220670281, 44164226}
50628630
	 {150714249, 351357622}
301815934
	 {159252944, 10625647}
417067384
	 {251149573, 326208087}
267250270
	 {390571568, 406690810}
21854966
	 {124981032, 169539020}
335772476
	 {254798018, 213016766}
230210504
	 {251149573, 323580334}
153760902
	 {112652369, 98448615}
281717951
	 {238706545, 209666155}
236250385
	 {390571568, 227188699}
154152248
	 {4516987, 69347991}
557295037
	 {568938436, 323580334}
195302916
	 {329635763, 225904766}
212170616
	 {390571568, 227188699}
231704607
	 {238185767}
263235631
	 {229556682}
199893108
	 {237586744}
222030014
	 {346755975}
367231236
	 {231492515}
185229588
	 {84214403}
137982380
	 {144991852}
188744308
	 {252642233}
231492515
	 {367231236}
52268001
	 {258548369}
305198115
	 {368548967}
168520780
	 {194987530}
223915127
	 {213449616}
170738830
	 {240539440}
159179937
	 {60848457}
381611232
	 {197314385}
237982959
	 {267991398}
238185767
	 {231704607}
139375929
	 {123858120}
392406359
	 {273411381}
211311986
	 {171039241}
99298683
	 {95578891}
71406982
	 {78666584}
182142342
	 {160121690}
559443386
	 {613215326}
247606841
	 {317445313}
144633481
	 {504017692}
268678817
	 {98448615}
129046419
	 {244992975}
568938436
	 {557295037}
214351827
	 {138609700}
213297136
	 {329635763}
274165750
	 {88654015}
496830546
	 set()
235585681
	 set()
551766246
	 set()
162058482
	 set()
195293431
	 set()
546033943
	 set()
81924394
	 set()
229953854
	 set()
397351234
	 set()
234293592
	 set()
59054450
	 set()
140546427
	 set()
57293190
	 set()
184598936
	 set()
134439398
	 set()
154911213
	 set()
441344523
	 set()
434045456
	 set()
94356003
	 set()
142735945
	 set()
489890448
	 set()
534756083
	 set()
402649950
	 set()
193379222
	 set()
138447790
	 set()
270193677
	 set()
19770456
	 set()
613215326
	 set()
415466641
	 set()
182783130
	 set()
273853626
	 set()
221279514
	 set()
418520368
	 set()
114066747
	 set()
192488810
	 set()
482145734
	 set()
425813476
	 set()
297682424
	 set()
480255558
	 set()
155102817
	 set()
250152571
	 set()
177933956
	 set()
379586207
	 set()
410951354
	 set()
151158468
	 set()
162729720
	 set()
325158700
	 set()
469495620
	 set()
23914392
	 set()
34181052
	 set()
167724993
	 set()
140586986
	 set()
313413621
	 set()
