1541
44164226
	 {5579776, 68603392, 29629954, 23101446, 11529230, 19385871, 140051985, 93664533, 17912227, 593454499, 370494503, 88613416, 189961386, 6461995, 174673586, 138177715, 372824885, 252642233, 151208253, 120007101, 150490301, 181301954, 9310789, 85030597, 220670281, 88294985, 206096716, 19255756, 224304589, 217431503, 142965968, 54792021, 160121690, 194489694, 21524190, 267599840, 111068774, 167858535, 311384808, 17705321, 7153638, 213552619, 10625647, 156974703, 238706545, 81769463, 4516987, 15646591}
7153638
	 {44164226, 23101446, 278461832, 204734988, 19385871, 100835857, 93664533, 222589464, 243746587, 17912227, 167859114, 6461995, 189961386, 235859116, 205067947, 174673586, 171871544, 252642233, 150490301, 76025405, 183890368, 232272832, 181301954, 9310789, 85030597, 139429320, 220670281, 4207689, 68046923, 206096716, 19255756, 4516987, 224304589, 142965968, 54792021, 30216280, 194489694, 21524190, 267599840, 221652705, 111068774, 17705321, 413322605, 10625647, 431148787, 38189179, 15646591}
189961386
	 {44164226, 147417733, 446220684, 204734988, 80096908, 148906895, 19385871, 100835857, 140051985, 292741005, 93664533, 152426005, 243746587, 88613416, 86139694, 174673586, 191886137, 140065340, 232272832, 209933889, 85030597, 21561414, 139429320, 172952009, 206096716, 19255756, 224304589, 142965968, 100173013, 54792021, 78666584, 30216280, 21524190, 267599840, 111068774, 167858535, 7153638, 413322605, 10625647, 156974703, 265972599}
10625647
	 {68603392, 33940993, 44164226, 147417733, 23101446, 278461832, 204734988, 11529230, 19385871, 48798224, 100835857, 140051985, 93664533, 593454499, 189961386, 372824885, 151208253, 232272832, 85030597, 88294985, 171165131, 206096716, 224304589, 217431503, 100173013, 153765845, 30216280, 21524190, 267599840, 213304801, 111068774, 167858535, 7153638, 271061482, 213552619, 413322605, 156974703, 97653747}
252642233
	 {68603392, 96469505, 44164226, 243783434, 156291087, 100835857, 69690897, 140051985, 152426005, 243746587, 153402141, 147905319, 370494503, 6461995, 86139694, 423796399, 47549624, 191886137, 183890368, 21561414, 172952009, 4207689, 224304589, 142965968, 54792021, 78666584, 30216280, 111068774, 7153638, 271061482, 144991852, 413322605, 238706545, 81769463, 4516987}
140051985
	 {44164226, 48798224, 93664533, 243746587, 607024550, 147905319, 189961386, 423796399, 165686705, 138177715, 171871544, 252642233, 151208253, 165640766, 232272832, 172451528, 224304589, 217431503, 54792021, 153765845, 30216280, 160121690, 267599840, 164108897, 111068774, 271061482, 222792684, 642065774, 10625647, 238706545, 97653747, 52450171, 243720061}
111068774
	 {44164226, 204734988, 156291087, 48798224, 69690897, 140051985, 93664533, 243746587, 314006174, 147905319, 189961386, 372824885, 252642233, 150490301, 232272832, 4207689, 172952009, 206096716, 19255756, 224304589, 100173013, 54792021, 30216280, 78666584, 21524190, 267599840, 7153638, 167858535, 271061482, 413322605, 10625647, 265972599, 2203645}
413322605
	 {23101446, 278461832, 80096908, 446220684, 11529230, 48798224, 275761817, 189961386, 235859116, 423796399, 171705647, 174673586, 138177715, 372824885, 171871544, 252642233, 150490301, 232272832, 224304589, 217431503, 54792021, 78666584, 21524190, 267599840, 111068774, 7153638, 271061482, 213552619, 10625647, 81769463, 265972599, 243720061}
4516987
	 {68603392, 44164226, 147417733, 23101446, 11529230, 152426005, 275761817, 3882911, 17912227, 6944037, 6461995, 205067947, 6125743, 9822647, 47549624, 252642233, 9310789, 220670281, 172952009, 206096716, 78666584, 227694810, 21524190, 246361825, 67639780, 7153638, 17705321, 213552619, 222792684, 2203645, 15646591}
224304589
	 {5579776, 68603392, 44164226, 243783434, 156291087, 100835857, 140051985, 152426005, 275761817, 243746587, 92585502, 88613416, 189961386, 180984751, 252642233, 150490301, 172451528, 172952009, 171165131, 206096716, 217431503, 142965968, 54792021, 160121690, 267599840, 111068774, 7153638, 144991852, 413322605, 10625647, 81769463}
174673586
	 {33940993, 44164226, 204734988, 80096908, 292741005, 19385871, 48798224, 275761817, 88613416, 189961386, 180984751, 372824885, 118617278, 181301954, 9310789, 85030597, 88294985, 206096716, 54792021, 21524190, 267599840, 7153638, 413322605, 156974703, 86066418, 81769463, 2203645, 15646591}
85030597
	 {44164226, 63765252, 23101446, 50775818, 204734988, 292741005, 11529230, 19385871, 93664533, 17912227, 6944037, 189961386, 174673586, 209933889, 274243, 9310789, 206096716, 265413964, 30216280, 21524190, 7153638, 222792684, 10625647, 156974703, 86066418, 183777527, 2203645, 15646591}
68603392
	 {44164226, 147417733, 121249032, 204734988, 80096908, 152426005, 17912227, 261544232, 88613416, 180984751, 47549624, 252642233, 172952009, 206096716, 19255756, 224304589, 100173013, 54792021, 78666584, 21524190, 167858535, 271061482, 222792684, 10625647, 156974703, 4516987, 65548540}
93664533
	 {44164226, 251149573, 23101446, 140051985, 275761817, 189961386, 150490301, 151208253, 133521599, 232272832, 85030597, 172451528, 217431503, 323581651, 54792021, 153765845, 30216280, 21524190, 111068774, 7153638, 17705321, 10625647, 238706545, 97653747, 81769463, 243720061}
47549624
	 {265324928, 68603392, 147417733, 243783434, 148906895, 48798224, 152426005, 243746587, 261544232, 88613416, 252642233, 120007101, 181301954, 220670281, 172952009, 206096716, 374792397, 19255756, 100173013, 78666584, 160121690, 119413601, 222792684, 4516987, 65548540}
23101446
	 {44164226, 251149573, 204734988, 93664533, 6944037, 6461995, 9310789, 85030597, 220670281, 88294985, 217431503, 54792021, 21524190, 7153638, 413322605, 243720061, 10625647, 156974703, 238706545, 2203645, 81769463, 4516987, 262263549, 15646591}
19255756
	 {68603392, 44164226, 147417733, 243783434, 19385871, 152426005, 88613416, 189961386, 6461995, 47549624, 181301954, 9310789, 220670281, 4207689, 88294985, 206096716, 142965968, 100173013, 21524190, 111068774, 7153638, 156974703, 15646591}
88613416
	 {265324928, 68603392, 44164226, 147417733, 121249032, 243783434, 148906895, 261544232, 189961386, 180984751, 174673586, 47549624, 120007101, 220670281, 172952009, 19255756, 224304589, 100173013, 78666584, 232432609, 17705321, 213552619, 222792684}
54792021
	 {68603392, 44164226, 23101446, 278461832, 80096908, 140051985, 93664533, 189961386, 180984751, 174673586, 138177715, 372824885, 252642233, 165640766, 172451528, 172952009, 171165131, 224304589, 267599840, 111068774, 7153638, 213552619, 413322605}
232272832
	 {278461832, 446220684, 48798224, 140051985, 93664533, 189961386, 423796399, 171871544, 151208253, 150490301, 165640766, 217431503, 323581651, 153765845, 111068774, 7153638, 144991852, 413322605, 10625647, 81769463, 243720061}
142965968
	 {170592770, 44164226, 148906895, 243746587, 186895264, 167859114, 6461995, 189961386, 252642233, 76025405, 181301954, 4207689, 19255756, 224304589, 78666584, 21524190, 213304801, 7153638, 156974703, 385734649, 52450171}
100835857
	 {243783434, 80096908, 152426005, 243746587, 178583465, 189961386, 86139694, 252642233, 506613562, 199434944, 183890368, 274243, 224304589, 30216280, 7153638, 368548967, 167858535, 10625647, 165094386, 97653747}
181301954
	 {44164226, 152426005, 243746587, 593454499, 261544232, 184621482, 6461995, 235859116, 180984751, 174673586, 47549624, 68046923, 19255756, 142965968, 100173013, 78666584, 227694810, 7153638, 209780589, 38189179}
222792684
	 {68603392, 52450171, 147417733, 80096908, 292741005, 148906895, 140051985, 152426005, 88613416, 165686705, 47549624, 118617278, 277642177, 85030597, 100173013, 78666584, 160121690, 21524190, 4516987, 65548540}
165640766
	 {170592770, 251149573, 278461832, 243783434, 446220684, 140051985, 510809213, 314006174, 423796399, 138177715, 151208253, 232272832, 54792021, 153765845, 78666584, 642065774, 81769463, 52450171, 243720061}
76025405
	 {204734988, 152426005, 243746587, 186895264, 17912227, 235859116, 177472433, 120007101, 183890368, 172952009, 68046923, 142965968, 78666584, 221652705, 7153638, 213552619, 76025587, 385734649, 52450171}
243783434
	 {170592770, 147417733, 148906895, 100835857, 152426005, 243746587, 88613416, 86139694, 423796399, 47549624, 252642233, 165640766, 19255756, 224304589, 100173013, 78666584, 30216280, 267599840, 167858535}
30216280
	 {85030597, 111068774, 7153638, 189961386, 6461995, 205067947, 243783434, 167859114, 10625647, 100835857, 140051985, 93664533, 153765845, 54424311, 252642233, 243746587, 243720061, 194489694}
151208253
	 {232272832, 164108897, 170592770, 44164226, 251149573, 370494503, 642065774, 10625647, 217431503, 140051985, 238706545, 323581651, 93664533, 153765845, 81769463, 243720061, 165640766, 133521599}
167858535
	 {68603392, 213304801, 44164226, 88063046, 111068774, 3882911, 189961386, 46687371, 204734988, 80096908, 243783434, 10625647, 156974703, 100835857, 171705647, 152426005, 78666584, 15646591}
100173013
	 {68603392, 181301954, 147417733, 111068774, 88613416, 172952009, 189961386, 121249032, 19255756, 206096716, 222792684, 10625647, 148906895, 243783434, 152426005, 78666584, 243746587, 47549624}
243720061
	 {232272832, 170592770, 171871544, 23101446, 446220684, 413322605, 423796399, 48798224, 140051985, 138177715, 323581651, 93664533, 259109236, 153765845, 30216280, 151208253, 150490301, 165640766}
446220684
	 {232272832, 267599840, 170592770, 21561414, 139429320, 189961386, 413322605, 642065774, 423796399, 243720061, 78666584, 81769463, 191886137, 171871544, 275761817, 153402141, 165640766}
278461832
	 {232272832, 194489694, 7153638, 271061482, 21524190, 11529230, 156974703, 10625647, 19385871, 413322605, 97653747, 259109236, 372824885, 54792021, 171871544, 52450171, 165640766}
217431503
	 {232272832, 44164226, 251149573, 23101446, 144991852, 21524190, 413322605, 10625647, 48798224, 140051985, 224304589, 138177715, 93664533, 81769463, 275761817, 151208253, 92585502}
48798224
	 {232272832, 267599840, 213304801, 593454499, 111068774, 413322605, 156974703, 10625647, 140051985, 19385871, 174673586, 78666584, 238706545, 217431503, 47549624, 243720061}
9310789
	 {44164226, 17912227, 85030597, 23101446, 7153638, 17705321, 220670281, 6461995, 206096716, 19255756, 19385871, 174673586, 3882911, 4516987, 2203645, 15646591}
148906895
	 {265324928, 147417733, 88613416, 121249032, 189961386, 243783434, 220670281, 172952009, 222792684, 142965968, 78666584, 152426005, 100173013, 47549624, 243746587, 510809213}
11529230
	 {44164226, 85030597, 6944037, 278461832, 220670281, 6461995, 46687371, 413322605, 1078732, 10625647, 372824885, 9822647, 4516987, 75543676, 2203645, 21524190}
17912227
	 {68603392, 33940993, 44164226, 9310789, 85030597, 7153638, 17705321, 88294985, 19385871, 23536310, 81769463, 4516987, 76025405, 21524190, 15646591}
271061482
	 {68603392, 194489694, 111068774, 278461832, 172952009, 171165131, 413322605, 86139694, 10625647, 140051985, 259109236, 372824885, 78666584, 252642233, 92585502}
80096908
	 {68603392, 213304801, 167858535, 261544232, 172952009, 189961386, 206096716, 222792684, 413322605, 100835857, 174673586, 372824885, 152426005, 54792021, 78666584}
274243
	 {267599840, 133521599, 221904066, 593454499, 6944037, 85030597, 463289100, 1078732, 19385871, 237379824, 100835857, 3882911, 2203645, 21524190, 281105343}
17705321
	 {267599840, 33940993, 44164226, 17912227, 29629954, 9310789, 246361825, 7153638, 88613416, 220670281, 6461995, 93664533, 4516987, 21524190}
150490301
	 {232272832, 267599840, 170592770, 44164226, 171871544, 111068774, 7153638, 413322605, 224304589, 93664533, 78666584, 160121690, 52450171, 243720061}
6944037
	 {33940993, 593454499, 67639780, 85030597, 23101446, 274243, 88294985, 11529230, 19385871, 23536310, 9822647, 4516987, 2203645, 21524190}
153765845
	 {232272832, 370494503, 21524190, 642065774, 10625647, 243720061, 140051985, 138177715, 323581651, 93664533, 30216280, 151208253, 165640766, 133521599}
52450171
	 {5579776, 170592770, 76025405, 278461832, 172451528, 204397611, 222792684, 142965968, 140051985, 160121690, 243746587, 150490301, 165640766}
97653747
	 {88063046, 278461832, 139429320, 46687371, 213552619, 86139694, 156974703, 10625647, 100835857, 140051985, 93664533, 372824885, 78666584}
251149573
	 {23101446, 314006174, 289800971, 243720061, 423796399, 217431503, 78666584, 93664533, 171871544, 202058553, 151208253, 510809213, 165640766}
275761817
	 {446220684, 413322605, 642065774, 224304589, 217431503, 174673586, 138177715, 81769463, 93664533, 372824885, 265972599, 4516987}
86139694
	 {21561414, 172952009, 189961386, 243783434, 271061482, 213552619, 69690897, 100835857, 97653747, 259109236, 78666584, 252642233}
171871544
	 {232272832, 170592770, 251149573, 7153638, 278461832, 446220684, 413322605, 243720061, 140051985, 323581651, 81769463, 150490301}
139429320
	 {33940993, 21561414, 7153638, 189961386, 6461995, 204734988, 205067947, 446220684, 156974703, 97653747, 78666584, 38189179}
9822647
	 {6944037, 13676039, 220670281, 46687371, 1078732, 11529230, 6125743, 4516987, 75543676, 2203645, 21524190}
120007101
	 {213304801, 170592770, 44164226, 245432263, 88613416, 204397611, 156974703, 265972599, 78666584, 76025405, 47549624}
213304801
	 {88063046, 167858535, 204734988, 80096908, 156974703, 48798224, 10625647, 142965968, 135765910, 78666584, 120007101}
238706545
	 {267599840, 44164226, 23101446, 48798224, 140051985, 472957362, 93664533, 265972599, 252642233, 151208253, 510809213}
156291087
	 {267599840, 96469505, 593454499, 111068774, 204397611, 213552619, 224304589, 641315286, 252642233, 179762074}
160121690
	 {44164226, 172451528, 222792684, 224304589, 165686705, 140051985, 138177715, 47549624, 52450171, 150490301}
6125743
	 {64860197, 2809128, 46687371, 19385871, 23536310, 9822647, 4516987, 75543676, 21524190}
86066418
	 {85030597, 204734988, 292741005, 156974703, 19385871, 14486609, 174673586, 2203645, 21524190}
642065774
	 {446220684, 423796399, 140051985, 138177715, 153765845, 78666584, 275761817, 151208253, 165640766}
593454499
	 {268253890, 181301954, 44164226, 6944037, 274243, 171165131, 10625647, 48798224, 156291087}
144991852
	 {232272832, 232432609, 235859116, 224304589, 244992975, 217431503, 132933301, 78666584, 252642233}
38189179
	 {186895264, 221652705, 181301954, 7153638, 139429320, 68046923, 205067947, 3882911}
183890368
	 {7153638, 167859114, 6461995, 100835857, 367492695, 252642233, 243746587, 76025405}
180984751
	 {68603392, 181301954, 88613416, 213552619, 224304589, 174673586, 152426005, 54792021}
46687371
	 {33940993, 7075750, 167858535, 11529230, 6125743, 97653747, 9822647, 21524190}
323581651
	 {232272832, 463289100, 243720061, 93664533, 153765845, 171871544, 151208253, 133521599}
3882911
	 {274243, 9310789, 167858535, 2809128, 38189179, 23536310, 4516987, 2203645}
133521599
	 {274243, 463289100, 323581651, 93664533, 153765845, 151208253, 281105343}
227694810
	 {243746587, 181301954, 67639780, 220670281, 28116056, 4516987, 228064766}
171165131
	 {593454499, 271061482, 224304589, 10625647, 54792021, 2203645, 194489694}
205067947
	 {7153638, 139429320, 220670281, 6461995, 38189179, 30216280, 4516987}
172451528
	 {164108897, 224304589, 140051985, 54792021, 93664533, 160121690, 52450171}
463289100
	 {133521599, 274243, 19385871, 323581651, 194489694, 281105343}
28116056
	 {228064766, 220670281, 183777527, 227694810, 2203645, 21524190}
510809213
	 {251149573, 165640766, 148906895, 238706545, 165094386, 314006174}
92585502
	 {172952009, 271061482, 224304589, 217431503, 152426005, 243746587}
68046923
	 {221652705, 181301954, 7153638, 38189179, 76025405}
65548540
	 {68603392, 222792684, 47549624, 153402141, 118617278}
153402141
	 {21561414, 446220684, 171705647, 252642233, 65548540}
167859114
	 {183890368, 7153638, 142965968, 30216280, 243746587}
88063046
	 {213304801, 167858535, 245432263, 156974703, 97653747}
69690897
	 {265324928, 111068774, 147905319, 86139694, 252642233}
209933889
	 {33940993, 442004164, 85030597, 189961386, 76025587}
245432263
	 {88063046, 50775818, 504301134, 156974703, 120007101}
259109236
	 {278461832, 271061482, 243720061, 86139694}
140065340
	 {189961386, 204397611, 62837788, 128121475}
191886137
	 {96469505, 170592770, 252642233, 446220684}
186895264
	 {142965968, 38189179, 235859116, 76025405}
62837788
	 {33940993, 204397611, 140065340, 128121475}
370494503
	 {153765845, 252642233, 44164226, 151208253}
221652705
	 {7153638, 68046923, 76025405, 38189179}
164108897
	 {172451528, 140051985, 151208253}
281105343
	 {274243, 463289100, 133521599}
232432609
	 {88613416, 144991852, 152426005}
118617278
	 {174673586, 65548540, 222792684}
221904066
	 {274243, 133336494, 18826558}
2809128
	 {3882911, 64860197, 6125743}
171705647
	 {153402141, 413322605, 167858535}
165686705
	 {140051985, 160121690, 222792684}
1078732
	 {274243, 11529230, 9822647}
13676039
	 {75543676, 21524190, 9822647}
246361825
	 {17705321, 4516987, 213552619}
50775818
	 {33940993, 85030597, 245432263}
64860197
	 {2809128, 6125743}
551766246
	 {319485641, 681625038}
175818990
	 {189208266, 138177715}
184621482
	 {181301954, 170592770}
128121475
	 {62837788, 140065340}
262263549
	 {138177715, 23101446}
297974746
	 {495988745, 21561414}
31016006
	 {75543676, 19385871}
368548967
	 {100835857, 506613562}
133336494
	 {221904066, 18826558}
9680305
	 {88294985, 318406662}
7104349
	 {21524190, 21561414}
385734649
	 {142965968, 76025405}
318406662
	 {9680305}
495988745
	 {297974746}
374792397
	 {47549624}
472957362
	 {238706545}
641315286
	 {156291087}
173275654
	 {169467432}
222589464
	 {7153638}
199434944
	 {100835857}
268253890
	 {593454499}
54424311
	 {30216280}
63765252
	 {85030597}
4682536
	 {23536310}
179762074
	 {156291087}
177472433
	 {76025405}
244992975
	 {144991852}
26725620
	 {277642177}
221568331
	 {217220124}
265413964
	 {85030597}
392406359
	 {263195994}
263195994
	 {392406359}
607024550
	 {140051985}
195302916
	 {170592770}
169467432
	 {173275654}
367492695
	 {183890368}
130188944
	 {138177715}
226934419
	 {23536310}
244780707
	 {165094386}
132933301
	 {144991852}
319485641
	 {551766246}
431148787
	 {7153638}
279551745
	 {170592770}
209780589
	 {181301954}
2985994
	 set()
50628630
	 set()
213819428
	 set()
89184358
	 set()
410359913
	 set()
231821442
	 set()
117891251
	 set()
520575208
	 set()
166031638
	 set()
276554073
	 set()
318585191
	 set()
59054450
	 set()
184598936
	 set()
174320033
	 set()
520681897
	 set()
536275389
	 set()
77371841
	 set()
119337430
	 set()
618725854
	 set()
317162052
	 set()
391580270
	 set()
417079919
	 set()
10353294
	 set()
106291900
	 set()
155456201
	 set()
288948966
	 set()
534756083
	 set()
503907062
	 set()
236806922
	 set()
261104441
	 set()
465660767
	 set()
210076549
	 set()
270275464
	 set()
489261987
	 set()
183004077
	 set()
84513738
	 set()
259087319
	 set()
121125853
	 set()
294302695
	 set()
224566352
	 set()
270849123
	 set()
527901809
	 set()
415466641
	 set()
159179937
	 set()
502981830
	 set()
323994898
	 set()
499633434
	 set()
222561564
	 set()
551204161
	 set()
565288280
	 set()
73891210
	 set()
141788557
	 set()
448095689
	 set()
29629954
	 set()
88106505
	 set()
422633039
	 set()
177933956
	 set()
255127172
	 set()
81651336
	 set()
219489934
	 set()
85950216
	 set()
101848882
	 set()
103657285
	 set()
352059239
	 set()
23914392
	 set()
543909785
	 set()
310753228
	 set()
162082801
	 set()
313413621
	 set()
