679
274309719
	 {209451904, 299754881, 136451074, 52227971, 177441922, 86956807, 326422791, 255286285, 140051985, 144158741, 144686361, 83568283, 65319327, 145448999, 411480750, 145862577, 214165169, 293593656, 57422783, 439721792, 247814595, 97847492, 202129605, 45983692, 222202961, 169563862, 78666584, 139182425, 103655771, 138839134, 227894752, 263293536, 265490148, 43023207, 144991852, 170127725, 172490609, 188569329, 553589233, 481290870, 316428151, 339638013, 58253694}
202129605
	 {209451904, 299754881, 136451074, 52227971, 177441922, 86956807, 326422791, 255286285, 144158741, 144686361, 65319327, 145448999, 411480750, 145862577, 482315447, 293593656, 439721792, 247814595, 97847492, 268590403, 179448266, 45983692, 222202961, 274309719, 139182425, 103655771, 227894752, 43023207, 144991852, 172490609, 188569329, 553589233, 481290870, 316428151, 339638013, 58253694}
139182425
	 {209451904, 136451074, 52227971, 177441922, 86956807, 326422791, 255286285, 144158741, 144686361, 65319327, 145448999, 411480750, 145862577, 482315447, 293593656, 439721792, 247814595, 97847492, 202129605, 179448266, 45983692, 222202961, 169563862, 274309719, 103655771, 227894752, 43023207, 144991852, 172490609, 188569329, 553589233, 481290870, 316428151, 339638013, 58253694}
58253694
	 {209451904, 299754881, 177441922, 52227971, 86956807, 326422791, 255286285, 144158741, 65319327, 145448999, 411480750, 145862577, 482315447, 293593656, 439721792, 247814595, 97847492, 202129605, 268590403, 179448266, 45983692, 222202961, 274309719, 139182425, 103655771, 43023207, 172490609, 188569329, 553589233, 481290870, 316428151, 339638013}
86956807
	 {209451904, 299754881, 136451074, 52227971, 177441922, 326422791, 255286285, 145448999, 411480750, 145862577, 293593656, 439721792, 247814595, 97847492, 202129605, 268590403, 45983692, 222202961, 274309719, 139182425, 103655771, 43023207, 144991852, 172490609, 553589233, 481290870, 316428151, 58253694}
103655771
	 {209451904, 299754881, 177441922, 52227971, 86956807, 326422791, 255286285, 65319327, 145448999, 411480750, 145862577, 482315447, 293593656, 247814595, 97847492, 202129605, 45983692, 222202961, 274309719, 139182425, 43023207, 172490609, 188569329, 553589233, 316428151, 339638013, 58253694}
43023207
	 {209451904, 299754881, 136451074, 52227971, 86956807, 326422791, 255286285, 144158741, 144686361, 145448999, 145862577, 439721792, 247814595, 97847492, 202129605, 179448266, 45983692, 222202961, 169563862, 274309719, 139182425, 103655771, 172490609, 553589233, 481290870, 316428151, 58253694}
299754881
	 {209451904, 136451074, 52227971, 177441922, 86956807, 326422791, 255286285, 144158741, 144686361, 145448999, 411480750, 145862577, 293593656, 247814595, 97847492, 202129605, 45983692, 222202961, 274309719, 103655771, 43023207, 172490609, 553589233, 481290870, 316428151, 58253694}
247814595
	 {209451904, 299754881, 136451074, 52227971, 177441922, 86956807, 326422791, 255286285, 144686361, 145448999, 411480750, 145862577, 439721792, 97847492, 202129605, 179448266, 45983692, 222202961, 274309719, 139182425, 103655771, 43023207, 172490609, 553589233, 316428151, 58253694}
52227971
	 {209451904, 299754881, 136451074, 177441922, 86956807, 326422791, 255286285, 144686361, 145448999, 411480750, 145862577, 247814595, 97847492, 202129605, 179448266, 45983692, 222202961, 274309719, 139182425, 103655771, 43023207, 172490609, 553589233, 316428151, 58253694}
255286285
	 {209451904, 299754881, 177441922, 52227971, 86956807, 326422791, 144158741, 144686361, 145448999, 145862577, 293593656, 247814595, 97847492, 202129605, 45983692, 222202961, 274309719, 139182425, 103655771, 43023207, 172490609, 481290870, 316428151, 339638013, 58253694}
222202961
	 {209451904, 299754881, 136451074, 52227971, 177441922, 86956807, 326422791, 255286285, 145448999, 411480750, 145862577, 293593656, 247814595, 97847492, 202129605, 45983692, 274309719, 139182425, 103655771, 43023207, 172490609, 553589233, 316428151, 339638013, 58253694}
326422791
	 {209451904, 299754881, 177441922, 52227971, 86956807, 255286285, 144686361, 145448999, 293593656, 247814595, 97847492, 202129605, 179448266, 45983692, 222202961, 274309719, 139182425, 103655771, 43023207, 172490609, 481290870, 316428151, 339638013, 58253694}
145448999
	 {299754881, 136451074, 52227971, 177441922, 86956807, 326422791, 255286285, 411480750, 293593656, 247814595, 97847492, 202129605, 45983692, 222202961, 274309719, 139182425, 103655771, 43023207, 172490609, 553589233, 316428151, 339638013, 58253694}
316428151
	 {209451904, 299754881, 136451074, 52227971, 86956807, 326422791, 255286285, 144686361, 145448999, 411480750, 145862577, 439721792, 247814595, 202129605, 179448266, 222202961, 274309719, 139182425, 103655771, 43023207, 553589233, 58253694}
177441922
	 {209451904, 299754881, 136451074, 52227971, 86956807, 326422791, 255286285, 145448999, 411480750, 293593656, 247814595, 202129605, 45983692, 222202961, 274309719, 139182425, 103655771, 227894752, 553589233, 339638013, 58253694}
553589233
	 {209451904, 299754881, 136451074, 52227971, 177441922, 86956807, 145448999, 411480750, 145862577, 439721792, 247814595, 202129605, 179448266, 222202961, 274309719, 139182425, 103655771, 43023207, 172490609, 316428151, 58253694}
136451074
	 {209451904, 299754881, 177441922, 52227971, 86956807, 144686361, 145448999, 145862577, 439721792, 247814595, 202129605, 179448266, 222202961, 274309719, 139182425, 43023207, 144991852, 172490609, 553589233, 316428151}
145862577
	 {209451904, 299754881, 136451074, 52227971, 86956807, 255286285, 144686361, 411480750, 439721792, 247814595, 202129605, 179448266, 222202961, 274309719, 139182425, 103655771, 43023207, 553589233, 316428151, 58253694}
45983692
	 {299754881, 177441922, 52227971, 326422791, 86956807, 255286285, 144158741, 145448999, 411480750, 293593656, 247814595, 97847492, 202129605, 222202961, 169563862, 274309719, 139182425, 103655771, 43023207, 58253694}
172490609
	 {299754881, 136451074, 52227971, 326422791, 86956807, 255286285, 144686361, 145448999, 247814595, 97847492, 202129605, 222202961, 274309719, 139182425, 103655771, 43023207, 553589233, 481290870, 339638013, 58253694}
411480750
	 {209451904, 299754881, 177441922, 52227971, 247814595, 202129605, 86956807, 145448999, 45983692, 316428151, 145862577, 222202961, 553589233, 274309719, 139182425, 103655771, 58253694}
339638013
	 {177441922, 268590403, 97847492, 202129605, 274309719, 145448999, 326422791, 255286285, 222202961, 172490609, 144158741, 169563862, 482315447, 481290870, 139182425, 103655771, 58253694}
179448266
	 {209451904, 439721792, 136451074, 52227971, 247814595, 202129605, 326422791, 43023207, 145862577, 553589233, 316428151, 139182425, 58253694}
481290870
	 {299754881, 202129605, 326422791, 86956807, 43023207, 255286285, 172490609, 144158741, 169563862, 274309719, 139182425, 339638013, 58253694}
144158741
	 {299754881, 97847492, 202129605, 274309719, 43023207, 45983692, 255286285, 481290870, 482315447, 139182425, 339638013, 58253694}
144991852
	 {227894752, 136451074, 202129605, 86956807, 188569329, 274309719, 78666584, 139182425, 57422783}
65319327
	 {482315447, 268590403, 202129605, 188569329, 274309719, 139182425, 103655771, 58253694}
482315447
	 {202129605, 188569329, 144158741, 139182425, 103655771, 339638013, 58253694, 65319327}
188569329
	 {202129605, 274309719, 144991852, 482315447, 139182425, 103655771, 58253694, 65319327}
169563862
	 {97847492, 43023207, 45983692, 481290870, 274309719, 139182425, 339638013}
268590403
	 {202129605, 86956807, 339638013, 58253694, 65319327}
227894752
	 {177441922, 202129605, 144991852, 274309719, 139182425}
263293536
	 {265490148, 170127725, 138839134, 274309719}
138839134
	 {263293536, 265490148, 274309719}
170127725
	 {263293536, 265490148, 274309719}
140051985
	 {274309719}
214165169
	 set()
