755
89400206
	 {235686145, 92377986, 273779076, 134441609, 202913034, 150711435, 180834956, 229685901, 317540108, 38356365, 164427409, 72924434, 176103060, 113486997, 151181590, 163449370, 71560478, 134072606, 448228001, 264223266, 156237474, 128349347, 169071523, 306639270, 100962599, 151728808, 110499369, 144767529, 177705131, 315357868, 240938794, 198298023, 190653490, 133966900, 181606330, 91984956, 31312444, 226758081, 137259718, 181561543, 382337737, 184833226, 179089100, 92214605, 379561805, 75437135, 92811347, 407225175, 135206871, 493963735, 108380506, 79438298, 136966236, 140523483, 297042907, 262982113, 208192228, 255125989, 13946086, 206444138, 144991852, 193413231, 175454192, 185195254, 172548857, 166262780, 331512701}
193413231
	 {92377986, 273779076, 320007562, 317540108, 89400206, 271285782, 71560478, 198298023, 110499369, 240938794, 315357868, 133966900, 157389238, 181606330, 91984956, 179089100, 379561805, 75437135, 490962517, 135206871, 493963735, 371920345, 140523483, 144991852, 172548857, 166262780, 233044607}
144991852
	 {92377986, 273779076, 229685901, 89400206, 208196244, 151181590, 163449370, 71560478, 448228001, 198298023, 110499369, 133966900, 251077430, 91984956, 184833226, 179089100, 490962517, 135206871, 493963735, 515492441, 371920345, 140523483, 273842157, 193413231, 172548857, 172231039}
264223266
	 {134441609, 202913034, 229685901, 89400206, 164427409, 176103060, 156237474, 128349347, 306639270, 100962599, 177705131, 181606330, 226758081, 161435341, 379561805, 297042907, 262982113, 13946086, 302968681, 206444138, 175454192}
262982113
	 {134441609, 202913034, 135491340, 229685901, 89400206, 164427409, 176103060, 137495677, 271686038, 170582304, 264223266, 156237474, 169071523, 306639270, 177705131, 226758081, 181561543, 302968681, 206444138, 175454192, 331512701}
179089100
	 {175364612, 273779076, 269339398, 89400206, 271285782, 198298023, 151728808, 315357868, 168841397, 91984956, 137259718, 184833226, 493963735, 135206871, 140523483, 316851038, 144991852, 193413231, 172548857, 166262780}
202913034
	 {134441609, 135491340, 229685901, 89400206, 176436111, 164427409, 40951186, 151181590, 264223266, 156237474, 264386596, 306639270, 177705131, 226758081, 181561543, 262982113, 206444138, 382326125, 175454192, 242713978}
71560478
	 {92377986, 89400206, 72924434, 163449370, 198298023, 110499369, 190653490, 133966900, 114453429, 157389238, 91984956, 248607042, 75437135, 490962517, 135206871, 371920345, 144991852, 193413231, 172548857}
226758081
	 {134441609, 202913034, 229685901, 89400206, 176103060, 264223266, 156237474, 169071523, 306639270, 100962599, 144767529, 177705131, 315357868, 181561543, 262982113, 302968681, 206444138, 175454192, 137495677}
493963735
	 {89400206, 382426903, 251077430, 91984956, 137259718, 184833226, 179089100, 490962517, 135206871, 371920345, 140523483, 208192228, 144991852, 273842157, 193413231, 172548857, 242713978, 166262780, 233044607}
134441609
	 {226758081, 264223266, 205954754, 169071523, 262982113, 181561543, 254847049, 206444138, 177705131, 315357868, 229685901, 202913034, 89400206, 176436111, 164427409, 175454192, 176103060, 271686038}
91984956
	 {92377986, 493963735, 198298023, 110499369, 144991852, 179089100, 89400206, 193413231, 371920345, 273842157, 133966900, 490962517, 135206871, 172548857, 140523483, 71560478, 172231039}
198298023
	 {92377986, 273779076, 110499369, 328737481, 144991852, 179089100, 89400206, 193413231, 371920345, 273842157, 133966900, 135206871, 172548857, 140523483, 91984956, 71560478}
306639270
	 {226758081, 156237474, 264223266, 262982113, 255125989, 269339398, 382337737, 206444138, 202913034, 180834956, 229685901, 135491340, 89400206, 175454192, 151181590}
140523483
	 {448228001, 137259718, 198298023, 144991852, 179089100, 89400206, 193413231, 273842157, 166262780, 490962517, 172548857, 493963735, 515492441, 91984956, 233044607}
175454192
	 {226758081, 264223266, 156237474, 169071523, 262982113, 306639270, 144767529, 134441609, 206444138, 202913034, 379561805, 89400206, 176103060, 251232184, 181606330}
156237474
	 {226758081, 264223266, 262982113, 306639270, 144767529, 206444138, 177705131, 202913034, 379561805, 89400206, 175454192, 164427409, 172548857}
181561543
	 {226758081, 262982113, 144767529, 134441609, 150711435, 202913034, 229685901, 282319597, 135491340, 89400206, 176436111, 236108411, 136966236}
135491340
	 {170582304, 262982113, 306639270, 181561543, 202913034, 180834956, 315357868, 229685901, 176436111, 114453429, 157389238, 172548857, 136966236}
315357868
	 {181606330, 235686145, 226758081, 134441609, 240938794, 179089100, 135491340, 89400206, 193413231, 271285782, 108380506, 233044607}
135206871
	 {198298023, 184833226, 144991852, 179089100, 89400206, 193413231, 371920345, 493963735, 172548857, 91984956, 71560478, 233044607}
110499369
	 {92377986, 264386596, 198298023, 144991852, 89400206, 193413231, 133966900, 113486997, 91984956, 71560478, 172231039}
92377986
	 {198298023, 110499369, 144991852, 89400206, 75437135, 193413231, 490962517, 172548857, 91984956, 71560478, 172231039}
166262780
	 {138262816, 137259718, 150711435, 179089100, 92214605, 89400206, 193413231, 490962517, 151181590, 493963735, 140523483}
13946086
	 {205954754, 264223266, 100962599, 38356365, 89400206, 79438298, 72506066, 407225175, 17001754, 31312444}
176103060
	 {226758081, 264223266, 169071523, 262982113, 134441609, 206444138, 89400206, 175454192, 331512701}
151181590
	 {138262816, 306639270, 202913034, 144991852, 229685901, 89400206, 176436111, 157389238, 166262780}
100962599
	 {226758081, 264223266, 13946086, 38356365, 89400206, 113486997, 79438298, 297042907, 31312444}
371920345
	 {493963735, 198298023, 144991852, 193413231, 490962517, 135206871, 172548857, 91984956, 71560478}
177705131
	 {226758081, 156237474, 264223266, 262982113, 144767529, 202913034, 134441609, 89400206}
137259718
	 {138262816, 493963735, 179089100, 229685901, 89400206, 382426903, 140523483, 166262780}
138262816
	 {137259718, 269339398, 150711435, 166262780, 75437135, 92811347, 151181590, 136966236}
133966900
	 {198298023, 110499369, 144991852, 89400206, 193413231, 91984956, 71560478}
113486997
	 {100962599, 110499369, 89400206, 72924434, 114453429, 157389238, 163449370}
269339398
	 {138262816, 175364612, 306639270, 179089100, 180834956, 271686038, 257374395}
72924434
	 {235686145, 240938794, 89400206, 113486997, 114453429, 157389238, 71560478}
379561805
	 {156237474, 264223266, 89400206, 193413231, 175454192, 164427409, 297042907}
169071523
	 {226758081, 262982113, 134441609, 89400206, 175454192, 176103060, 108380506}
157389238
	 {135491340, 193413231, 72924434, 113486997, 151181590, 114453429, 71560478}
163449370
	 {151728808, 144991852, 89400206, 113486997, 172548857, 71560478}
75437135
	 {138262816, 92377986, 89400206, 193413231, 92811347, 71560478}
150711435
	 {138262816, 160475040, 181561543, 92214605, 89400206, 166262780}
151728808
	 {179089100, 137504078, 89400206, 147051539, 185195254, 163449370}
184833226
	 {493963735, 273779076, 179089100, 144991852, 89400206, 135206871}
134072606
	 {128349347, 264386596, 254847049, 144767529, 206444138, 89400206}
273779076
	 {198298023, 184833226, 179089100, 144991852, 89400206, 193413231}
273842157
	 {198298023, 144991852, 493963735, 172548857, 140523483, 91984956}
271285782
	 {235686145, 320007562, 179089100, 315357868, 193413231}
264386596
	 {110499369, 202913034, 271686038, 297042907, 134072606}
136966236
	 {138262816, 181561543, 135491340, 89400206, 92811347}
233044607
	 {493963735, 315357868, 193413231, 135206871, 140523483}
180834956
	 {306639270, 269339398, 135491340, 89400206, 190653490}
242713978
	 {202913034, 229685901, 203848560, 346290132, 493963735}
176436111
	 {181561543, 134441609, 202913034, 135491340, 151181590}
271686038
	 {262982113, 264386596, 269339398, 134441609, 331512701}
114453429
	 {135491340, 72924434, 113486997, 157389238, 71560478}
297042907
	 {264223266, 264386596, 100962599, 379561805, 89400206}
190653490
	 {108380506, 89400206, 180834956, 71560478}
31312444
	 {89400206, 38356365, 13946086, 100962599}
448228001
	 {140523483, 144991852, 490962517, 89400206}
128349347
	 {264223266, 89400206, 161435341, 134072606}
108380506
	 {190653490, 169071523, 315357868, 89400206}
316851038
	 {176052241, 466336195, 179089100, 168841397}
331512701
	 {262982113, 271686038, 176103060, 89400206}
172231039
	 {144991852, 110499369, 92377986, 91984956}
320007562
	 {235686145, 240938794, 271285782, 193413231}
254847049
	 {134441609, 257374395, 134072606}
168841397
	 {176052241, 179089100, 316851038}
382426903
	 {235686145, 137259718, 493963735}
170582304
	 {262982113, 135491340, 255125989}
407225175
	 {79438298, 89400206, 13946086}
302968681
	 {226758081, 264223266, 262982113}
175364612
	 {179089100, 269339398}
176052241
	 {168841397, 316851038}
137495677
	 {226758081, 262982113}
18439864
	 {72506066, 203781972}
257374395
	 {254847049, 269339398}
205954754
	 {134441609, 13946086}
382337737
	 {306639270, 89400206}
161435341
	 {264223266, 128349347}
211276494
	 {172548857, 490962517}
72506066
	 {18439864, 13946086}
185195254
	 {151728808, 89400206}
251077430
	 {144991852, 493963735}
382326125
	 {202913034, 40951186}
236108411
	 {181561543}
208196244
	 {144991852}
282319597
	 {181561543}
17001754
	 {13946086}
203848560
	 {242713978}
251232184
	 {175454192}
346290132
	 {242713978}
460966458
	 set()
159903810
	 set()
49886339
	 set()
145593541
	 set()
331924696
	 set()
202282773
	 set()
245719333
	 set()
199437094
	 set()
214651176
	 set()
156489522
	 set()
65455937
	 set()
117580097
	 set()
146660784
	 set()
