295
337258004
	 {157063042, 461809027, 230940165, 380290694, 400657675, 133927441, 190815768, 280155160, 248284960, 179324323, 316548644, 209463077, 340710563, 327376680, 488060585, 154039986, 184157878, 273316535, 338324794, 431542847, 142272708, 169173194, 633831114, 213355341, 240746064, 359293265, 245778259, 411460950, 388509143, 235230041, 326503260, 361497567, 354091238, 217872487, 144991852, 614760303, 143576563, 104142202, 146649083, 170103551}
338324794
	 {248284960, 179324323, 316548644, 340710563, 381987652, 327376680, 144991852, 240746064, 133927441, 359293265, 337258004, 184157878, 411460950, 534786777, 146649083, 431542847}
144991852
	 {179324323, 340710563, 381987652, 361497567, 366431689, 213355341, 133927441, 154039986, 170103551, 337258004, 365589493, 338324794, 326503260, 431542847}
157063042
	 {277022688, 388509143, 316548644, 209463077, 230940165, 354091238, 633831114, 400657675, 245778259, 337258004, 184157878, 273316535, 235230041}
230940165
	 {277022688, 157063042, 388509143, 316548644, 209463077, 354091238, 327376680, 633831114, 400657675, 337258004, 534786777, 273316535, 235230041}
170103551
	 {179324323, 340710563, 142272708, 217872487, 144991852, 213355341, 240746064, 133927441, 154039986, 359293265, 337258004, 280155160}
280155160
	 {179324323, 142272708, 381987652, 314264420, 217872487, 366431689, 213355341, 154039986, 337258004, 326503260, 170103551}
273316535
	 {157063042, 316548644, 230940165, 209463077, 354091238, 633831114, 400657675, 337258004, 184157878, 388509143, 235230041}
316548644
	 {157063042, 388509143, 209463077, 230940165, 354091238, 327376680, 337258004, 273316535, 534786777, 338324794}
633831114
	 {277022688, 157063042, 209463077, 230940165, 354091238, 400657675, 245778259, 337258004, 273316535, 235230041}
133927441
	 {179324323, 142272708, 169173194, 144991852, 240746064, 337258004, 190815768, 338324794, 170103551}
213355341
	 {179324323, 142272708, 217872487, 144991852, 154039986, 337258004, 280155160, 326503260, 170103551}
388509143
	 {157063042, 316548644, 230940165, 209463077, 354091238, 400657675, 337258004, 184157878, 273316535}
217872487
	 {179324323, 142272708, 366431689, 213355341, 154039986, 337258004, 280155160, 326503260, 170103551}
366431689
	 {179324323, 381987652, 340710563, 217872487, 144991852, 280155160, 326503260, 431542847}
359293265
	 {179324323, 327376680, 240746064, 337258004, 184157878, 411460950, 338324794, 170103551}
534786777
	 {277022688, 316548644, 209463077, 230940165, 354091238, 327376680, 235230041, 338324794}
340710563
	 {381987652, 366431689, 144991852, 170103551, 337258004, 338324794, 431542847}
154039986
	 {217872487, 144991852, 213355341, 337258004, 280155160, 326503260, 170103551}
431542847
	 {340710563, 381987652, 366431689, 144991852, 337258004, 338324794, 326503260}
142272708
	 {179324323, 217872487, 133927441, 337258004, 280155160, 146649083, 170103551}
240746064
	 {327376680, 133927441, 359293265, 337258004, 184157878, 338324794, 170103551}
248284960
	 {354091238, 327376680, 175555593, 245778259, 337258004, 338324794}
245778259
	 {248284960, 157063042, 354091238, 175555593, 633831114, 337258004}
411460950
	 {359293265, 338324794, 179324323, 337258004}
614760303
	 {104142202, 143576563, 337258004, 361497567}
143576563
	 {104142202, 614760303, 337258004, 361497567}
104142202
	 {143576563, 614760303, 337258004, 361497567}
461809027
	 {169173194, 337258004, 380290694}
175555593
	 {248284960, 327376680, 245778259}
190815768
	 {133927441, 169173194, 337258004}
489934112
	 {327594087, 356986133, 361497567}
327594087
	 {489934112, 356986133, 361497567}
146649083
	 {338324794, 142272708, 337258004}
585887461
	 {356986133, 361497567}
314264420
	 {280155160}
143936487
	 {365589493}
445524564
	 set()
