220920899
	 {336423936, 404132995, 334790158, 442842645, 604709530, 407580443, 485391394, 505951418, 226208706, 281031490, 456330320, 290641372, 412639199, 354855146, 398999787, 533613419, 580289900, 386601711, 242978803, 293516532, 523790579, 521954298, 243965567}
293516532
	 {336423936, 281031490, 404132995, 220920899, 521954298, 354855146, 398999787, 533613419, 280507597, 334790158, 580289900, 456330320, 243965567, 242978803, 604709530, 407580443, 412639199}
336423936
	 {521954298, 404132995, 220920899, 354855146, 533613419, 580289900, 280507597, 334790158, 243965567, 456330320, 523790579, 293516532, 604709530, 495089017, 505951418, 412639199}
404132995
	 {336423936, 281031490, 220920899, 521954298, 430964295, 505951418, 354855146, 398999787, 533613419, 280507597, 580289900, 243965567, 523790579, 293516532, 604709530, 412639199}
412639199
	 {336423936, 521954298, 404132995, 220920899, 521581925, 505951418, 398999787, 533613419, 280507597, 580289900, 304984847, 523790579, 293516532, 495089017, 604709530}
521954298
	 {336423936, 404132995, 220920899, 505951418, 533613419, 580289900, 280507597, 334790158, 243965567, 456330320, 293516532, 495089017, 604709530, 412639199}
533613419
	 {336423936, 521954298, 404132995, 220920899, 430964295, 280507597, 334790158, 243965567, 456330320, 523790579, 293516532, 604709530, 412639199}
523790579
	 {336423936, 485391394, 404132995, 226208706, 220920899, 281031490, 533613419, 580289900, 280507597, 499398190, 304984847, 442842645, 412639199}
580289900
	 {336423936, 521954298, 404132995, 220920899, 505951418, 354855146, 304984847, 242978803, 293516532, 523790579, 604709530, 412639199}
604709530
	 {336423936, 220920899, 404132995, 398999787, 533613419, 580289900, 243965567, 456330320, 293516532, 521954298, 412639199}
280507597
	 {336423936, 404132995, 533613419, 398999787, 523790579, 293516532, 495089017, 521954298, 412639199}
243965567
	 {336423936, 521954298, 404132995, 220920899, 533613419, 456330320, 293516532, 604709530}
505951418
	 {336423936, 220920899, 404132995, 354855146, 580289900, 521954298, 412639199}
456330320
	 {336423936, 521954298, 220920899, 533613419, 293516532, 604709530, 243965567}
354855146
	 {336423936, 404132995, 220920899, 580289900, 334790158, 293516532, 505951418}
398999787
	 {220920899, 404132995, 280507597, 293516532, 604709530, 412639199}
281031490
	 {220920899, 404132995, 499398190, 523790579, 293516532}
495089017
	 {336423936, 521581925, 280507597, 521954298, 412639199}
442842645
	 {226208706, 485391394, 220920899, 523790579}
226208706
	 {485391394, 220920899, 442842645, 523790579}
304984847
	 {523790579, 580289900, 412639199}
430964295
	 {533613419, 404132995}
334135154
	 {450897387, 242978803}
450897387
	 {334135154}
386601711
	 {220920899}
236774272
	 set()
656914467
	 set()
420130513
	 set()
193675995
	 set()
290641372
	 set()
442431339
	 set()
560911995
	 set()
