1488
329320418
	 {170056709, 218017031, 229933193, 174140810, 229685901, 193631375, 9843729, 133927441, 37267601, 170103551, 290754834, 901907, 101823642, 206881051, 187527579, 330827805, 281242013, 214810527, 390875170, 189950499, 490298531, 229405349, 429416867, 237638699, 184735151, 176364208, 326000689, 218623797, 209192373, 245020597, 448922550, 230060217, 174712378, 302419257, 392148800, 144747202, 450431939, 322803524, 38682437, 264193225, 96004684, 159219790, 178169936, 303974868, 490962517, 157767261, 320349408, 46531936, 547906275, 187879528, 169627755, 144991852, 188554603, 559539950, 35603437, 243646959, 225855346, 151698930, 68566132, 329942391, 91323256, 172548857, 141101436, 234616190, 450994303}
243646959
	 {266514181, 178203014, 218017031, 229933193, 174140810, 295356684, 422672911, 261023507, 101823642, 206881051, 81869599, 201611680, 217738911, 429416867, 189950499, 319703080, 401585065, 281916458, 184735151, 540088112, 326000689, 245020597, 230060217, 174712378, 179802813, 334181184, 392148800, 144747202, 264193225, 282720842, 96004684, 159219790, 142636494, 178169936, 431385343, 303974868, 509811928, 157767261, 329320418, 547906275, 405420517, 32421738, 169627755, 384302316, 35603437, 188554603, 144991852, 225855346, 68566132, 172548857, 141101436, 170103551}
169627755
	 {218017031, 174140810, 391017358, 133927441, 206881051, 187527579, 217738911, 201611680, 174048418, 202938795, 244919724, 459798449, 138771251, 245020597, 230060217, 174712378, 179802813, 400662208, 392148800, 264193225, 250251081, 159219790, 178169936, 291702736, 264977490, 348327768, 320349408, 46531936, 253194978, 329320418, 178036324, 32421738, 188554603, 144991852, 368692462, 416498927, 243646959, 474442737, 552833266, 68566132, 172548857, 141101436, 170103551}
320349408
	 {372861441, 314269442, 218017031, 205294224, 399525521, 172305304, 380786841, 385881881, 256472986, 227551267, 282046245, 245020597, 184417848, 450431939, 479253701, 274696702, 211806536, 396940875, 159219790, 516957263, 329372497, 482591316, 221538132, 336688858, 381258714, 167173084, 329320418, 178036324, 257117160, 208124905, 32421738, 169627755, 264368617, 326411885, 459565939, 280000757, 424180347, 442515710}
68566132
	 {218017031, 295356684, 422672911, 133927441, 901907, 101823642, 206881051, 81869599, 201611680, 429416867, 319703080, 244919724, 154511280, 326000689, 245020597, 334181184, 392148800, 38682437, 264193225, 250251081, 96004684, 159219790, 221538132, 329320418, 547906275, 450994303, 258309221, 169627755, 529309293, 63644525, 35603437, 243646959, 172548857, 170103551}
133927441
	 {92377986, 218017031, 174140810, 187527579, 206881051, 217738911, 202938795, 459798449, 245020597, 230060217, 174712378, 179802813, 400662208, 392148800, 250251081, 159219790, 178169936, 264977490, 490962517, 253194978, 329320418, 178036324, 258309221, 169627755, 188554603, 144991852, 416498927, 474442737, 68566132, 397291256, 172548857, 141101436, 170103551}
392148800
	 {266514181, 178203014, 218017031, 295356684, 422672911, 133927441, 101823642, 394128801, 189950499, 429416867, 326000689, 245020597, 174712378, 334181184, 264193225, 250251081, 96004684, 159219790, 142636494, 178169936, 329320418, 547906275, 405420517, 169627755, 529309293, 35603437, 243646959, 542833776, 474442737, 68566132, 141101436, 234616190, 170103551}
170103551
	 {92377986, 270363525, 218017031, 133927441, 187527579, 206881051, 217738911, 459798449, 159322930, 245020597, 174712378, 179802813, 400662208, 392148800, 250251081, 336875594, 159219790, 178169936, 490962517, 253194978, 329320418, 178036324, 258309221, 169627755, 188554603, 144991852, 243646959, 474442737, 68566132, 172548857, 141101436}
218017031
	 {379050880, 512095372, 229685901, 133927441, 261023507, 187527579, 206881051, 201611680, 237638699, 176364208, 245020597, 349725371, 271712319, 188346688, 392148800, 250251081, 159219790, 320349408, 329320418, 178036324, 258309221, 365500261, 180015464, 169627755, 529309293, 243646959, 474442737, 68566132, 141101436, 234616190, 170103551}
159219790
	 {218017031, 133927441, 206881051, 187527579, 201611680, 174048418, 237638699, 244919724, 459798449, 292353717, 245020597, 230060217, 392148800, 179821763, 250251081, 178169936, 264977490, 267133530, 320349408, 329320418, 178036324, 258309221, 169627755, 243646959, 474442737, 68566132, 141101436, 170103551}
256472986
	 {372861441, 314269442, 205294224, 399525521, 380786841, 330827805, 227551267, 282046245, 459798449, 184417848, 479253701, 211806536, 90327755, 194526543, 329372497, 482591316, 221538132, 381258714, 170762971, 167173084, 184697183, 320349408, 178036324, 264368617, 208124905, 326411885, 424180347}
178169936
	 {174140810, 229685901, 391017358, 133927441, 202938795, 138771251, 245020597, 230060217, 174712378, 179802813, 392148800, 264193225, 159219790, 490962517, 348327768, 253194978, 329320418, 475701733, 32421738, 169627755, 188554603, 144991852, 243646959, 416498927, 170103551}
217738911
	 {92377986, 229685901, 133927441, 203765153, 100962599, 184735151, 168216497, 276335925, 174712378, 179802813, 188346688, 142636494, 201221711, 490962517, 170762971, 188707193, 169627755, 188554603, 144991852, 293798255, 243646959, 172548857, 170103551}
174712378
	 {391017358, 133927441, 217738911, 202938795, 459798449, 138771251, 179802813, 392148800, 264193225, 178169936, 253194978, 329320418, 180015464, 32421738, 169627755, 188554603, 144991852, 243646959, 416498927, 474442737, 172548857, 170103551}
144991852
	 {92377986, 229685901, 133927441, 281242013, 217738911, 184735151, 168216497, 174712378, 90327755, 178169936, 303974868, 490962517, 329320418, 475701733, 169627755, 188554603, 243646959, 225855346, 172548857, 170103551}
330827805
	 {372861441, 229933193, 256472986, 390875170, 490298531, 209192373, 184417848, 322803524, 396940875, 604456017, 329372497, 336688858, 170762971, 329320418, 208124905, 559539950, 293798255, 290456944, 442515710}
188346688
	 {304316160, 188234243, 266514181, 218017031, 229685901, 142689950, 217738911, 203765153, 176364208, 459798449, 276335925, 240019126, 450431939, 509811928, 170762971, 180015464, 264368617, 317741421, 293798255}
188554603
	 {174140810, 133927441, 281242013, 217738911, 230060217, 174712378, 179802813, 264193225, 178169936, 303974868, 490962517, 348327768, 253194978, 329320418, 169627755, 144991852, 243646959, 172548857, 170103551}
187527579
	 {201611680, 203765153, 329320418, 178036324, 218017031, 247888392, 250251081, 169627755, 159219790, 154511280, 133927441, 264977490, 459798449, 474442737, 245020597, 206881051, 141101436, 170103551}
189950499
	 {392148800, 234616190, 329320418, 187879528, 180015464, 462603368, 229685901, 293798255, 243646959, 151698930, 261023507, 276335925, 209192373, 479880854, 245020597, 141101436, 278869405, 294635710}
424180347
	 {320349408, 390875170, 490298531, 322803524, 479253701, 411182246, 282046245, 229933193, 90327755, 487058699, 559539950, 221538132, 209192373, 509811928, 385881881, 256472986, 170762971, 442515710}
229933193
	 {390875170, 429416867, 490298531, 322803524, 178203014, 411182246, 329320418, 559539950, 243646959, 427269437, 37267601, 604456017, 290456944, 348327768, 424180347, 330827805, 431385343}
293798255
	 {188346688, 203765153, 304316160, 189950499, 188234243, 450431939, 266514181, 229685901, 427269437, 184735151, 604456017, 276335925, 172305304, 170762971, 330827805, 142689950, 217738911}
201611680
	 {334948865, 178036324, 479253701, 218017031, 247888392, 169627755, 529309293, 159219790, 243646959, 459798449, 187527579, 68566132, 292353717, 245020597, 206881051, 327732063}
474442737
	 {392148800, 253194978, 178036324, 258309221, 218017031, 250251081, 169627755, 159219790, 133927441, 459798449, 187527579, 245020597, 174712378, 206881051, 141101436, 170103551}
178036324
	 {201611680, 320349408, 218017031, 247888392, 169627755, 167173084, 159219790, 133927441, 474442737, 459798449, 187527579, 245020597, 256472986, 206881051, 141101436, 170103551}
459798449
	 {188346688, 201611680, 178036324, 247888392, 169627755, 529309293, 159219790, 133927441, 474442737, 187527579, 245020597, 256472986, 174712378, 206881051, 141101436, 170103551}
253194978
	 {202938795, 169627755, 188554603, 391017358, 416498927, 178169936, 133927441, 474442737, 138771251, 303974868, 291702736, 348327768, 174712378, 281242013, 170103551}
276335925
	 {188346688, 304316160, 189950499, 188234243, 450431939, 171780523, 90327755, 229685901, 189418283, 293798255, 479880854, 172305304, 170762971, 142689950, 217738911}
322803524
	 {390875170, 490298531, 329320418, 170056709, 411182246, 229933193, 559539950, 290456944, 604456017, 209192373, 230241654, 302419257, 424180347, 330827805}
221538132
	 {320349408, 372861441, 227551267, 479253701, 338667149, 206881051, 399525521, 68566132, 385881881, 380786841, 256472986, 424180347, 391429628, 214810527}
176364208
	 {188346688, 329320418, 365500261, 218017031, 180015464, 250251081, 174140810, 237638699, 151698930, 459565939, 245020597, 479880854, 271712319}
179802813
	 {264193225, 282720842, 169627755, 32421738, 188554603, 142636494, 243646959, 178169936, 133927441, 170103551, 348327768, 174712378, 217738911}
264193225
	 {392148800, 329320418, 547906275, 429416867, 32421738, 169627755, 188554603, 243646959, 178169936, 68566132, 172548857, 174712378, 179802813}
559539950
	 {390875170, 490298531, 322803524, 170056709, 411182246, 329320418, 229933193, 290456944, 37267601, 209192373, 302419257, 424180347, 330827805}
32421738
	 {320349408, 92377986, 264193225, 282720842, 169627755, 317741421, 243646959, 178169936, 172305304, 397291256, 172548857, 174712378, 179802813}
390875170
	 {329320418, 490298531, 322803524, 170056709, 411182246, 229933193, 559539950, 290456944, 37267601, 209192373, 424180347, 330827805}
230060217
	 {329320418, 479253701, 174140810, 169627755, 202938795, 188554603, 159219790, 243646959, 178169936, 133927441, 154027186, 141101436}
490298531
	 {390875170, 329320418, 322803524, 411182246, 187879528, 229933193, 559539950, 290456944, 209192373, 302419257, 424180347, 330827805}
479253701
	 {201611680, 372861441, 320349408, 227551267, 230060217, 399525521, 221538132, 385881881, 380786841, 256472986, 424180347, 554019740}
202938795
	 {253194978, 174140810, 169627755, 391017358, 416498927, 178169936, 133927441, 138771251, 230060217, 174712378, 391429628}
450431939
	 {188346688, 320349408, 329320418, 71713414, 317741421, 229685901, 293798255, 37267601, 276335925, 172305304, 170762971}
167173084
	 {320349408, 314269442, 178036324, 211806536, 208124905, 205294224, 214810527, 188707193, 256472986, 442515710, 184697183}
46531936
	 {203765153, 329320418, 229405349, 71713414, 100962599, 169627755, 317741421, 229685901, 37267601, 245020597, 170762971}
244919724
	 {37903520, 174048418, 179821763, 258309221, 169627755, 159219790, 660368272, 68566132, 13945749, 245020597, 206881051}
211806536
	 {320349408, 372861441, 314269442, 381258714, 282046245, 205294224, 380786841, 256472986, 167173084, 442515710}
180015464
	 {188346688, 304316160, 189950499, 218017031, 237638699, 336101740, 176364208, 479880854, 174712378, 349725371}
381258714
	 {320349408, 372861441, 227551267, 211806536, 257117160, 208124905, 264368617, 385881881, 380786841, 256472986}
237638699
	 {329320418, 365500261, 218017031, 180015464, 250251081, 159219790, 176364208, 245020597, 206881051, 349725371}
604456017
	 {322803524, 229933193, 336875594, 590416814, 422672911, 293798255, 348327768, 240019126, 509811928, 330827805}
174140810
	 {329320418, 169627755, 202938795, 188554603, 243646959, 178169936, 133927441, 176364208, 230060217, 391429628}
209192373
	 {390875170, 490298531, 189950499, 322803524, 329320418, 290456944, 302419257, 336688858, 424180347, 330827805}
529309293
	 {201611680, 392148800, 218017031, 326000689, 459798449, 261023507, 68566132, 685376790, 141101436, 234616190}
385881881
	 {320349408, 372861441, 227551267, 479253701, 221538132, 380786841, 381258714, 424180347, 554019740, 442515710}
429416867
	 {392148800, 329320418, 547906275, 178203014, 229933193, 264193225, 243646959, 68566132, 431385343}
547906275
	 {392148800, 329320418, 429416867, 178203014, 264193225, 281916458, 384302316, 243646959, 68566132}
258309221
	 {218017031, 244919724, 159219790, 660368272, 133927441, 474442737, 68566132, 141101436, 170103551}
203765153
	 {188346688, 46531936, 229405349, 142689950, 229685901, 293798255, 187527579, 170762971, 217738911}
227551267
	 {320349408, 372861441, 381258714, 479253701, 221538132, 385881881, 380786841, 256472986}
37267601
	 {46531936, 390875170, 450431939, 329320418, 71713414, 100962599, 229933193, 559539950}
303974868
	 {253194978, 329320418, 475701733, 188554603, 144991852, 184735151, 243646959, 281242013}
92377986
	 {400662208, 32421738, 144991852, 133927441, 170103551, 490962517, 172548857, 217738911}
416498927
	 {253194978, 202938795, 169627755, 391017358, 178169936, 133927441, 138771251, 174712378}
184417848
	 {320349408, 372861441, 396940875, 194526543, 329372497, 482591316, 256472986, 330827805}
142689950
	 {188346688, 203765153, 229405349, 171780523, 229685901, 293798255, 276335925, 170762971}
266514181
	 {392148800, 188346688, 187879528, 229685901, 293798255, 243646959, 151698930, 294635710}
187879528
	 {329320418, 189950499, 490298531, 266514181, 151698930, 278869405, 294635710}
178203014
	 {392148800, 429416867, 547906275, 229933193, 243646959, 302419257, 431385343}
281242013
	 {253194978, 329320418, 188554603, 144991852, 225855346, 303974868, 172548857}
205294224
	 {320349408, 314269442, 211806536, 509899112, 326411885, 256472986, 167173084}
138771251
	 {253194978, 202938795, 169627755, 391017358, 416498927, 178169936, 174712378}
329372497
	 {320349408, 257117160, 396940875, 194526543, 184417848, 256472986, 330827805}
391017358
	 {253194978, 169627755, 202938795, 416498927, 178169936, 138771251, 174712378}
174048418
	 {37903520, 179821763, 169627755, 244919724, 159219790, 13945749, 245020597}
290456944
	 {390875170, 490298531, 322803524, 229933193, 559539950, 209192373, 330827805}
184735151
	 {329320418, 144991852, 293798255, 243646959, 303974868, 490962517, 217738911}
396940875
	 {320349408, 372861441, 329372497, 482591316, 568145908, 184417848, 330827805}
304316160
	 {188346688, 164037091, 180015464, 229685901, 293798255, 276335925, 479880854}
314269442
	 {320349408, 282046245, 211806536, 205294224, 256472986, 167173084, 427269437}
225855346
	 {329320418, 38682437, 144991852, 295356684, 243646959, 172548857, 281242013}
294635710
	 {189950499, 266514181, 187879528, 462603368, 151698930, 278869405}
247888392
	 {201611680, 178036324, 206881051, 459798449, 245020597, 187527579}
422672911
	 {334181184, 392148800, 405420517, 243646959, 604456017, 68566132}
71713414
	 {46531936, 450431939, 229405349, 317741421, 37267601, 245020597}
229405349
	 {46531936, 203765153, 329320418, 71713414, 229685901, 142689950}
264977490
	 {169627755, 159219790, 133927441, 245020597, 267133530, 187527579}
179821763
	 {37903520, 174048418, 244919724, 159219790, 13945749, 245020597}
509811928
	 {188346688, 281916458, 384302316, 243646959, 604456017, 424180347}
384302316
	 {547906275, 281916458, 243646959, 154027186, 509811928, 141101436}
302419257
	 {329320418, 490298531, 322803524, 178203014, 559539950, 209192373}
142636494
	 {392148800, 282720842, 243646959, 490962517, 179802813, 217738911}
151698930
	 {329320418, 189950499, 266514181, 187879528, 176364208, 294635710}
261023507
	 {189950499, 218017031, 529309293, 243646959, 141101436, 234616190}
326000689
	 {392148800, 329320418, 529309293, 243646959, 68566132}
482591316
	 {320349408, 396940875, 184417848, 336688858, 256472986}
334181184
	 {392148800, 405420517, 422672911, 243646959, 68566132}
13945749
	 {37903520, 174048418, 179821763, 244919724, 245020597}
35603437
	 {392148800, 329320418, 243646959, 68566132, 450994303}
101823642
	 {392148800, 329320418, 96004684, 243646959, 68566132}
37903520
	 {174048418, 179821763, 244919724, 13945749, 245020597}
278869405
	 {189950499, 187879528, 172548857, 206881051, 294635710}
479880854
	 {304316160, 189950499, 180015464, 176364208, 276335925}
240019126
	 {188346688, 188234243, 229685901, 604456017, 170762971}
400662208
	 {92377986, 169627755, 133927441, 397291256, 170103551}
336688858
	 {320349408, 459565939, 482591316, 209192373, 330827805}
171780523
	 {154027186, 276335925, 229685901, 142689950}
405420517
	 {334181184, 392148800, 243646959, 422672911}
459565939
	 {176364208, 208124905, 336688858, 320349408}
257117160
	 {320349408, 329372497, 381258714, 194526543}
427269437
	 {229933193, 314269442, 336101740, 293798255}
154511280
	 {187527579, 206881051, 68566132, 245020597}
336875594
	 {604456017, 528642149, 170103551}
280000757
	 {320349408, 357011986, 300496298}
100962599
	 {46531936, 37267601, 217738911}
184697183
	 {256472986, 90327755, 167173084}
188707193
	 {217738911, 167173084, 201221711}
267133530
	 {264977490, 245020597, 159219790}
349725371
	 {180015464, 237638699, 218017031}
9843729
	 {144747202, 329320418, 245020597}
168098934
	 {172305304, 487058699, 229685901}
154027186
	 {230060217, 171780523, 384302316}
157767261
	 {172548857, 329320418, 243646959}
365500261
	 {176364208, 237638699, 218017031}
214810527
	 {329320418, 167173084, 221538132}
271712319
	 {176364208, 218017031}
552833266
	 {169627755, 245020597}
336101740
	 {180015464, 427269437}
334948865
	 {201611680, 206881051}
901907
	 {329320418, 68566132}
81869599
	 {68566132, 243646959}
159322930
	 {172548857, 170103551}
660368272
	 {244919724, 258309221}
312173578
	 {144747202, 274896243}
516957263
	 {320349408, 264368617}
487058699
	 {424180347, 168098934}
274896243
	 {144747202, 312173578}
230241654
	 {322803524, 245020597}
394128801
	 {397291256, 392148800}
201221711
	 {188707193, 217738911}
292353717
	 {201611680, 159219790}
540088112
	 {282720842, 243646959}
168216497
	 {144991852, 217738911}
291702736
	 {253194978, 169627755}
528642149
	 {336875594}
509899112
	 {205294224}
274696702
	 {320349408}
357011986
	 {280000757}
189418283
	 {276335925}
327732063
	 {201611680}
91323256
	 {329320418}
379050880
	 {218017031}
401585065
	 {243646959}
590416814
	 {604456017}
201837557
	 {188234243}
542833776
	 {392148800}
368692462
	 {169627755}
685376790
	 {529309293}
228832546
	 {144747202}
515130740
	 {270363525}
329942391
	 {329320418}
300496298
	 {280000757}
511481477
	 {141101436}
218623797
	 {329320418}
568145908
	 {396940875}
522887172
	 set()
374986765
	 set()
501979159
	 set()
322412585
	 set()
369735720
	 set()
360398918
	 set()
430934124
	 set()
627048593
	 set()
326801619
	 set()
260321539
	 set()
290754834
	 set()
88262956
	 set()
515133825
	 set()
311069086
	 set()
355342801
	 set()
570847730
	 set()
204526089
	 set()
540559910
	 set()
246155855
	 set()
279915157
	 set()
372904619
	 set()
257114798
	 set()
550781619
	 set()
473432769
	 set()
603220693
	 set()
529015518
	 set()
365943525
	 set()
584342364
	 set()
484662159
	 set()
563530638
	 set()
11660198
	 set()
258685910
	 set()
494242830
	 set()
417023045
	 set()
408366157
	 set()
462216308
	 set()
319691897
	 set()
551392401
	 set()
476138648
	 set()
491189486
	 set()
567356696
	 set()
462695706
	 set()
620901706
	 set()
183528790
	 set()
509595007
	 set()
155770249
	 set()
511792543
	 set()
490470830
	 set()
279041510
	 set()
352622118
	 set()
445267506
	 set()
643280476
	 set()
272680568
	 set()
557094542
	 set()
561464996
	 set()
300101292
	 set()
234620662
	 set()
470552311
	 set()
331714381
	 set()
630812552
	 set()
585101236
	 set()
286218191
	 set()
559482879
	 set()
