1874
273411381
	 {68603392, 373245441, 44164226, 172528391, 171039241, 243783434, 258548369, 140051985, 174263316, 152426005, 135567002, 345103899, 243746587, 190095389, 92585502, 228155295, 144513698, 261544232, 88613416, 443136813, 86139694, 180984751, 34393138, 32758195, 131546420, 372824885, 179222584, 26139707, 120007101, 75563326, 76025405, 183890368, 137147968, 231602242, 181301954, 61381700, 118767424, 102146759, 216257740, 45450573, 224304589, 42287823, 136330319, 38895181, 54792021, 392406359, 30216280, 159684953, 78666584, 151872474, 207093983, 267599840, 213304801, 7153638, 167858535, 213552619, 209780589, 309645552, 121209968, 134313457, 233692275, 175743732, 107757043, 32444405}
210523445
	 {68603392, 170592770, 84214403, 44164226, 154396548, 346755975, 171039241, 243783434, 289800971, 48798224, 258548369, 140051985, 174263316, 93664533, 5129494, 152426005, 138869656, 345103899, 243746587, 190095389, 314006174, 397768476, 88613416, 134160939, 132993580, 351915692, 86139694, 265237934, 423796399, 226180018, 34393138, 131546420, 372824885, 174673586, 209272119, 101457846, 136928953, 120007101, 165640766, 221353662, 322889280, 181301954, 224304589, 42287823, 54792021, 153765845, 30216280, 78666584, 151872474, 267599840, 7153638, 213552619, 413322605, 175818990, 309645552, 134313457, 107757043, 32444405, 243720061}
7153638
	 {362942978, 44164226, 154396548, 83368071, 171039241, 258548369, 105367314, 93664533, 5129494, 222589464, 243746587, 228155295, 183786407, 205067947, 164277806, 34393138, 32758195, 131546420, 210523445, 273411381, 209272119, 174673586, 76025405, 135887294, 75563326, 183890368, 137147968, 181301954, 210445124, 61381700, 220670281, 68046923, 4516987, 45450573, 224304589, 42287823, 155184715, 40678612, 54792021, 67897942, 30216280, 90244056, 151872474, 139218011, 74475997, 503216352, 221652705, 267599840, 103502441, 413322605, 121209968, 12489585, 66146804, 32444405, 222891894, 38995066, 38189179, 15646591}
44164226
	 {5579776, 68603392, 212597256, 258548369, 140051985, 174263316, 93664533, 5129494, 190095389, 60543270, 88613416, 132993580, 174673586, 131546420, 372824885, 210523445, 273411381, 209272119, 136928953, 120007101, 137147968, 322889280, 181301954, 64304580, 220670281, 88294985, 224304589, 38895181, 42287823, 54792021, 67897942, 207093983, 267599840, 7153638, 167858535, 213552619, 309645552, 134313457, 238706545, 10942708, 4516987, 15646591}
75563326
	 {362942978, 11371139, 34746243, 83368071, 172528391, 174263316, 152426005, 243746587, 3882911, 228155295, 183786407, 205067947, 86139694, 34393138, 32758195, 131546420, 273411381, 24026808, 76025405, 183890368, 118767424, 181301954, 61381700, 68046923, 38895181, 40678612, 90244056, 78666584, 139218011, 74475997, 221652705, 7153638, 213552619, 209780589, 309645552, 121209968, 107757043, 32444405, 38995066, 38189179}
258548369
	 {68603392, 44164226, 172528391, 171039241, 243783434, 3795852, 140051985, 93664533, 5129494, 152426005, 243746587, 92585502, 88613416, 132993580, 174673586, 210523445, 273411381, 209272119, 135887294, 221353662, 322889280, 61381700, 88294985, 216257740, 224304589, 42287823, 78666584, 30216280, 151872474, 173217382, 167858535, 7153638, 243720061, 32444405, 3406455, 122425213}
224304589
	 {5579776, 68603392, 44164226, 172528391, 171039241, 243783434, 258548369, 140051985, 152426005, 135567002, 345103899, 175158428, 243746587, 92585502, 421581863, 88613416, 17825191, 226281256, 133771177, 180984751, 131546420, 210523445, 273411381, 322889280, 102146759, 38895181, 54792021, 159684953, 207093983, 267599840, 7153638, 225824236, 413322605, 134313457, 3406455, 122425213}
140051985
	 {44164226, 84214403, 154396548, 212597256, 170091146, 272892047, 48798224, 258548369, 93664533, 547873306, 345103899, 243746587, 190095389, 17825191, 132993580, 423796399, 210523445, 273411381, 165640766, 137147968, 224304589, 54792021, 153765845, 30216280, 159684953, 267599840, 173217382, 222792684, 225824236, 243720061, 309645552, 134313457, 238706545, 122425213, 212525694}
76025405
	 {373245441, 362942978, 38995066, 83368071, 70606856, 163058322, 105367314, 174263316, 152426005, 243746587, 183786407, 34393138, 32758195, 131546420, 273411381, 26139707, 120007101, 75563326, 183890368, 118767424, 61381700, 68046923, 142579796, 90244056, 78666584, 151872474, 139218011, 74475997, 221652705, 7153638, 213552619, 121209968, 32444405, 222891894, 26116474}
32444405
	 {172528391, 171039241, 243783434, 258548369, 152426005, 243746587, 175158428, 292921760, 144513698, 261544232, 86139694, 164277806, 372824885, 210523445, 273411381, 209272119, 76025405, 75563326, 183890368, 231602242, 181301954, 61381700, 88063046, 155184715, 216257740, 367492695, 78666584, 30216280, 151872474, 79881311, 173217382, 167858535, 7153638, 107757043}
181301954
	 {44164226, 172528391, 152426005, 138869656, 243746587, 175158428, 228155295, 261544232, 180984751, 34393138, 32758195, 174673586, 210523445, 273411381, 26139707, 75563326, 118767424, 41058883, 68046923, 155184715, 38895181, 40678612, 78666584, 151872474, 7153638, 209780589, 309645552, 107757043, 32444405, 38189179}
151872474
	 {68603392, 172528391, 121249032, 171039241, 258548369, 174263316, 93664533, 5129494, 152426005, 175158428, 222561564, 144513698, 261544232, 132993580, 131546420, 372824885, 210523445, 273411381, 76025405, 277642177, 181301954, 42287823, 30216280, 159684953, 173217382, 7153638, 213552619, 222792684, 175743732, 32444405}
93664533
	 {44164226, 84214403, 154396548, 346755975, 258548369, 140051985, 5129494, 345103899, 397768476, 132993580, 210523445, 209272119, 221353662, 133521599, 322889280, 54792021, 153765845, 30216280, 151872474, 503216352, 7153638, 225824236, 243720061, 238706545, 199951862, 122425213}
243783434
	 {170592770, 3795852, 258548369, 174263316, 152426005, 5129494, 243746587, 144513698, 88613416, 86139694, 265237934, 164277806, 423796399, 210523445, 273411381, 136928953, 165640766, 64304580, 102146759, 224304589, 78666584, 30216280, 267599840, 167858535, 107757043, 32444405}
107757043
	 {5579776, 83368071, 121249032, 243783434, 174263316, 152426005, 243746587, 228155295, 261544232, 265237934, 180984751, 164277806, 34393138, 210523445, 273411381, 75563326, 118767424, 181301954, 78666584, 30216280, 209780589, 121209968, 175743732, 32444405, 26116474}
68603392
	 {44164226, 172528391, 121249032, 3795852, 258548369, 152426005, 5129494, 175158428, 261544232, 88613416, 226281256, 180984751, 131546420, 26218933, 210523445, 273411381, 224304589, 490207955, 54792021, 78666584, 151872474, 167858535, 222792684, 4516987, 122425213}
413322605
	 {84214403, 154396548, 425250958, 48798224, 174263316, 5129494, 345103899, 132993580, 423796399, 174673586, 210523445, 372824885, 221353662, 224304589, 54792021, 78666584, 267599840, 7153638, 213552619, 309645552, 175743732, 199951862, 265972599, 243720061}
174673586
	 {44164226, 172528391, 48798224, 258548369, 174263316, 5129494, 175158428, 421581863, 88613416, 180984751, 372824885, 210523445, 209272119, 322889280, 181301954, 88294985, 216257740, 42287823, 54792021, 267599840, 7153638, 413322605, 233692275, 15646591}
171039241
	 {3795852, 258548369, 152426005, 5129494, 243746587, 210523445, 273411381, 372824885, 209272119, 135887294, 221353662, 61381700, 155184715, 224304589, 42287823, 54792021, 78666584, 151872474, 267599840, 173217382, 7153638, 32444405, 3406455}
30216280
	 {154396548, 346755975, 70606856, 243783434, 140051985, 258548369, 93664533, 243746587, 205067947, 164277806, 210523445, 273411381, 101457846, 61381700, 153765845, 151872474, 79881311, 7153638, 122425213, 107757043, 32444405, 243720061}
88613416
	 {68603392, 44164226, 34746243, 172528391, 121249032, 243783434, 258548369, 174263316, 261544232, 180984751, 174673586, 131546420, 210523445, 273411381, 120007101, 64304580, 220670281, 224304589, 42287823, 78666584, 213552619, 222792684}
165640766
	 {170592770, 154396548, 346755975, 243783434, 140051985, 510809213, 345103899, 314006174, 351915692, 423796399, 226180018, 210523445, 136928953, 138990396, 54792021, 153765845, 78666584, 225824236, 243720061, 309645552, 134313457, 122425213}
175158428
	 {5579776, 68603392, 172528391, 152426005, 261544232, 226281256, 443136813, 180984751, 174673586, 372824885, 273411381, 237586744, 181301954, 224304589, 54792021, 78666584, 151872474, 213304801, 222792684, 233692275, 32444405, 4516987}
54792021
	 {68603392, 44164226, 171039241, 140051985, 93664533, 345103899, 175158428, 226281256, 180984751, 174673586, 210523445, 273411381, 372824885, 165640766, 224304589, 267599840, 7153638, 213552619, 225824236, 413322605, 309645552}
243720061
	 {170592770, 84214403, 154396548, 346755975, 48798224, 140051985, 258548369, 93664533, 345103899, 134160939, 132993580, 351915692, 423796399, 226180018, 210523445, 165640766, 153765845, 30216280, 225824236, 413322605, 259109236}
38995066
	 {362942978, 346755975, 183786407, 205067947, 443136813, 34393138, 32758195, 24026808, 76025405, 75563326, 40678612, 392406359, 78666584, 139218011, 74475997, 221652705, 7153638, 213552619, 38189179, 159270911}
209272119
	 {170592770, 44164226, 171039241, 258548369, 93664533, 5129494, 144513698, 174673586, 210523445, 35280311, 136928953, 216257740, 42287823, 267599840, 213304801, 173217382, 167858535, 7153638, 32444405, 122425213}
228155295
	 {105367314, 174263316, 205067947, 443136813, 34393138, 131546420, 273411381, 101457846, 120007101, 75563326, 183890368, 181301954, 61381700, 155184715, 367492695, 78666584, 7153638, 107757043, 175743732, 26116474}
61381700
	 {172528391, 171039241, 258548369, 243746587, 228155295, 292921760, 273411381, 76025405, 221353662, 75563326, 183890368, 118767424, 155184715, 367492695, 78666584, 30216280, 79881311, 7153638, 32444405}
345103899
	 {84214403, 154396548, 346755975, 272892047, 48798224, 140051985, 93664533, 421581863, 423796399, 210523445, 273411381, 165640766, 224304589, 54792021, 153765845, 225824236, 413322605, 238706545, 243720061}
120007101
	 {213304801, 170592770, 44164226, 373245441, 204600866, 88613416, 42287823, 136928953, 174263316, 26218933, 210523445, 265972599, 78666584, 159684953, 273411381, 101457846, 76025405, 228155295}
346755975
	 {84214403, 154396548, 158501195, 225824236, 243720061, 423796399, 238706545, 510809213, 93664533, 210523445, 30216280, 489740726, 38995066, 345103899, 153765845, 190095389, 165640766, 159270911}
4516987
	 {68603392, 44164226, 280023077, 7153638, 421581863, 3882911, 220670281, 213552619, 222792684, 205067947, 12489585, 184211412, 152426005, 35280311, 78666584, 135567002, 175158428, 15646591}
131546420
	 {68603392, 322889280, 193702434, 44164226, 267599840, 7153638, 88613416, 224304589, 38895181, 210523445, 273411381, 3406455, 228155295, 135567002, 151872474, 76025405, 75563326, 207093983}
167858535
	 {68603392, 213304801, 204600866, 44164226, 144513698, 88063046, 173217382, 102146759, 3882911, 243783434, 258548369, 152426005, 273411381, 209272119, 78666584, 32444405, 15646591}
180984751
	 {68603392, 181301954, 64304580, 172528391, 64940072, 88613416, 213552619, 225824236, 38895181, 443136813, 224304589, 174673586, 107757043, 152426005, 273411381, 54792021, 175158428}
222792684
	 {68603392, 277642177, 34746243, 114497828, 87917157, 88613416, 170091146, 140051985, 197314385, 174263316, 152426005, 5129494, 78666584, 151872474, 4516987, 175158428, 122425213}
309645552
	 {181301954, 44164226, 154396548, 21561414, 17825191, 165640766, 413322605, 140051985, 210523445, 273411381, 152426005, 78666584, 54792021, 190095389, 75563326, 159270911}
48798224
	 {322889280, 267599840, 213304801, 132993580, 413322605, 225824236, 140051985, 174673586, 238706545, 210523445, 78666584, 159684953, 247638650, 345103899, 243720061, 212525694}
132993580
	 {44164226, 84214403, 17825191, 155184715, 413322605, 243720061, 209488975, 48798224, 140051985, 258548369, 93664533, 210523445, 153765845, 151872474, 153402141, 212525694}
34393138
	 {243746587, 221652705, 181301954, 7153638, 220670281, 68046923, 205067947, 107757043, 210523445, 273411381, 24026808, 38995066, 38189179, 76025405, 75563326, 228155295}
38189179
	 {221652705, 362942978, 181301954, 7153638, 183786407, 103502441, 68046923, 205067947, 12489585, 34393138, 32758195, 40678612, 38995066, 75563326, 3882911}
84214403
	 {221329376, 154396548, 346755975, 155184715, 132993580, 413322605, 175818990, 209488975, 243720061, 140051985, 152426005, 93664533, 210523445, 345103899, 153402141}
144513698
	 {88063046, 102146759, 167858535, 173217382, 243783434, 443136813, 66146804, 174263316, 5129494, 273411381, 152426005, 32444405, 151872474, 41585148, 209272119}
322889280
	 {267599840, 44164226, 133771177, 224304589, 166066638, 48798224, 258548369, 174673586, 131546420, 93664533, 210523445, 372824885, 159684953, 135567002, 122425213}
136928953
	 {170592770, 44164226, 243783434, 423796399, 134313457, 226180018, 210523445, 209272119, 138869656, 191886137, 243746587, 138990396, 84141213, 165640766, 120007101}
32758195
	 {74475997, 362942978, 181301954, 7153638, 183786407, 68046923, 38189179, 205067947, 40678612, 273411381, 38995066, 139218011, 76025405, 75563326}
213304801
	 {373245441, 204600866, 88063046, 102146759, 70606856, 167858535, 443136813, 48798224, 273411381, 26218933, 209272119, 78666584, 175158428, 120007101}
225824236
	 {267599840, 231602242, 154396548, 346755975, 213552619, 224304589, 180984751, 48798224, 140051985, 93664533, 54792021, 345103899, 243720061, 165640766}
205067947
	 {362942978, 7153638, 220670281, 4516987, 12489585, 34393138, 32758195, 48324726, 30216280, 38995066, 38189179, 51197180, 75563326, 228155295}
122425213
	 {68603392, 322889280, 212525694, 222792684, 224304589, 265237934, 166066638, 140051985, 258548369, 93664533, 209272119, 30216280, 191886137, 165640766}
68046923
	 {221652705, 362942978, 181301954, 7153638, 183786407, 34393138, 32758195, 40678612, 67897942, 24026808, 38189179, 76025405, 75563326}
155184715
	 {292921760, 181301954, 84214403, 61381700, 7153638, 171039241, 132993580, 152426005, 101457846, 32444405, 228155295, 243746587, 79881311}
159684953
	 {322889280, 204600866, 172528391, 224304589, 38895181, 48798224, 134313457, 140051985, 174263316, 273411381, 151872474, 120007101}
86139694
	 {21561414, 153648488, 243783434, 213552619, 69690897, 174263316, 210523445, 273411381, 259109236, 78666584, 32444405, 75563326}
136330319
	 {292921760, 193702434, 170640291, 142107652, 176961642, 213939244, 78666584, 50338132, 355643605, 273411381, 237586744, 92585502}
38895181
	 {181301954, 44164226, 172528391, 226281256, 224304589, 180984751, 131546420, 273411381, 173182420, 199951862, 159684953, 75563326}
118767424
	 {181301954, 61381700, 83368071, 213552619, 209780589, 107757043, 273411381, 26116474, 26139707, 76025405, 75563326, 79881311}
153765845
	 {346755975, 132993580, 221353662, 140051985, 93664533, 210523445, 30216280, 345103899, 397768476, 243720061, 165640766, 133521599}
183890368
	 {61381700, 7153638, 164277806, 273411381, 32444405, 367492695, 228155295, 243746587, 76025405, 75563326, 79881311}
443136813
	 {213304801, 144513698, 172528391, 64940072, 180984751, 372824885, 273411381, 152426005, 38995066, 175158428, 228155295}
226180018
	 {170592770, 165640766, 351915692, 243720061, 423796399, 173182420, 210523445, 489740726, 136928953, 510809213, 314006174}
207093983
	 {44164226, 171317831, 209243336, 224304589, 97391600, 131546420, 273411381, 173182420, 135567002, 212525694}
102146759
	 {213304801, 144513698, 173217382, 167858535, 243783434, 224304589, 66146804, 152426005, 5129494, 273411381}
238706545
	 {267599840, 44164226, 346755975, 272892047, 48798224, 140051985, 93664533, 265972599, 345103899, 510809213}
292921760
	 {193702434, 198456707, 61381700, 155184715, 136330319, 32444405, 269729430, 237586744, 243746587}
74475997
	 {7153638, 183786407, 32758195, 40678612, 90244056, 38995066, 139218011, 76025405, 75563326}
67897942
	 {362942978, 44164226, 60543270, 7153638, 68046923, 141788557, 10942708, 35280311, 3882911}
204600866
	 {213304801, 167858535, 209243336, 3795852, 42287823, 5129494, 159684953, 120007101, 135887294}
34746243
	 {88613416, 213552619, 222792684, 42287823, 174263316, 372824885, 78666584, 75563326, 3882911}
101457846
	 {173217382, 155184715, 228155295, 117891251, 78666584, 210523445, 30216280, 120007101, 79881311}
10942708
	 {44164226, 11371139, 60543270, 220670281, 16470860, 142579796, 67897942, 35280311}
138869656
	 {181301954, 170592770, 97391600, 210523445, 489740726, 136928953, 243746587, 138990396}
79881311
	 {183890368, 118767424, 61381700, 155184715, 32444405, 101457846, 30216280, 243746587}
135567002
	 {322889280, 267599840, 224304589, 131546420, 273411381, 173182420, 4516987, 207093983}
221353662
	 {61381700, 171039241, 413322605, 258548369, 174263316, 93664533, 210523445, 153765845}
221652705
	 {7153638, 68046923, 34393138, 24026808, 38995066, 38189179, 76025405, 75563326}
3882911
	 {11371139, 34746243, 167858535, 4516987, 12120430, 67897942, 38189179, 75563326}
60543270
	 {44164226, 11371139, 220670281, 10942708, 67897942, 35280311, 222891894}
212525694
	 {132993580, 48798224, 140051985, 247638650, 159270911, 122425213, 207093983}
3795852
	 {68603392, 204600866, 173217382, 171039241, 243783434, 258548369, 5129494}
421581863
	 {58597570, 210445124, 224304589, 174673586, 199951862, 345103899, 4516987}
373245441
	 {213304801, 76025405, 12489585, 273411381, 78666584, 120007101, 159270911}
92585502
	 {224304589, 136330319, 258548369, 134313457, 273411381, 152426005, 243746587}
164277806
	 {183890368, 7153638, 243783434, 107757043, 32444405, 30216280, 243746587}
70606856
	 {213304801, 26446961, 84141213, 30216280, 130352283, 76025405}
164276581
	 {193702434, 342925700, 391667077, 425250958, 355643605, 157731833}
66146804
	 {137147968, 151848321, 144513698, 7153638, 102146759, 26446961}
41058883
	 {181301954, 12489585, 259109236, 40447831, 59064471, 17603195}
3406455
	 {171039241, 224304589, 42287823, 258548369, 131546420, 5129494}
88063046
	 {213304801, 144513698, 167858535, 216257740, 32444405, 182032859}
121209968
	 {7153638, 107757043, 273411381, 222891894, 76025405, 75563326}
199951862
	 {154396548, 421581863, 38895181, 413322605, 93664533, 397768476}
209780589
	 {118767424, 181301954, 83368071, 107757043, 273411381, 75563326}
179222584
	 {221329376, 227664163, 21561414, 134160939, 273411381}
355643605
	 {142107652, 164276581, 136330319, 206788755, 195144442}
134269149
	 {319485641, 159327412, 27153335, 69952376, 35409819}
135887294
	 {204600866, 7153638, 171039241, 258548369, 243746587}
166066638
	 {322889280, 133771177, 117891251, 191886137, 122425213}
69952376
	 {319485641, 159327412, 27153335, 35409819, 134269149}
170640291
	 {193702434, 136330319, 416792048, 172413275, 173153919}
510809213
	 {346755975, 165640766, 238706545, 226180018, 314006174}
84141213
	 {170592770, 70606856, 42287823, 136928953, 222561564}
159327412
	 {319485641, 27153335, 69952376, 35409819, 134269149}
265237934
	 {188752263, 243783434, 107757043, 210523445, 122425213}
64304580
	 {44164226, 88613416, 243783434, 180984751, 152426005}
173182420
	 {38895181, 20040880, 226180018, 135567002, 207093983}
367492695
	 {183890368, 61381700, 210445124, 32444405, 228155295}
222891894
	 {76025405, 7153638, 60543270, 121209968, 28729053}
221329376
	 {84214403, 212597256, 209488975, 179222584, 153402141}
159270911
	 {373245441, 346755975, 309645552, 38995066, 212525694}
176961642
	 {193702434, 173153919, 142107652, 136330319}
272892047
	 {140051985, 345103899, 238706545, 265972599}
117891251
	 {137147968, 357147128, 166066638, 101457846}
259109236
	 {153648488, 41058883, 243720061, 86139694}
489740726
	 {138869656, 226180018, 134160939, 346755975}
212597256
	 {78666584, 140051985, 44164226, 221329376}
153402141
	 {221329376, 84214403, 132993580, 21561414}
191886137
	 {136928953, 170592770, 122425213, 166066638}
138990396
	 {138869656, 136928953, 170592770, 165640766}
210445124
	 {7153638, 58597570, 367492695, 421581863}
259087319
	 {202069913, 145509433, 345733946, 555478557}
142107652
	 {193702434, 355643605, 176961642, 136330319}
145509433
	 {202069913, 555478557, 43345086, 259087319}
26446961
	 {70606856, 66146804, 137147968, 305663627}
555478557
	 {259087319, 202069913, 345733946, 145509433}
319485641
	 {69952376, 134269149, 551766246, 27153335}
105367314
	 {16470860, 76025405, 7153638, 228155295}
35409819
	 {134269149, 69952376, 159327412, 294240357}
77903915
	 {78666584, 138731987, 21561414}
231602242
	 {32444405, 225824236, 273411381}
425250958
	 {265015796, 164276581, 413322605}
503216352
	 {403171002, 93664533, 7153638}
175818990
	 {547873306, 84214403, 210523445}
172413275
	 {416792048, 193702434, 170640291}
547873306
	 {140051985, 204597645, 175818990}
87917157
	 {277642177, 222792684, 141788557}
97391600
	 {138869656, 84886610, 207093983}
209488975
	 {221329376, 84214403, 132993580}
209243336
	 {204600866, 148386699, 207093983}
222561564
	 {151872474, 175743732, 84141213}
153648488
	 {12489585, 259109236, 86139694}
69690897
	 {174263316, 175743732, 86139694}
269729430
	 {292921760, 198456707, 265062047}
265062047
	 {193702434, 198456707, 269729430}
40447831
	 {41058883, 146248398, 59064471}
202069913
	 {145509433, 555478557, 259087319}
63443073
	 {50887768, 43345086}
133521599
	 {153765845, 93664533}
357147128
	 {137147968, 117891251}
17603195
	 {41058883, 51197180}
170091146
	 {140051985, 222792684}
345733946
	 {555478557, 259087319}
392406359
	 {38995066, 273411381}
141788557
	 {87917157, 67897942}
9680305
	 {182058800, 88294985}
416792048
	 {172413275, 170640291}
173153919
	 {176961642, 170640291}
305663627
	 {26446961, 259211402}
172809963
	 {504110604, 423796399}
182058800
	 {88294985, 9680305}
50628630
	 {158501195}
34220070
	 {78666584}
294240357
	 {35409819}
259211402
	 {305663627}
551766246
	 {319485641}
114497828
	 {222792684}
151886120
	 {27153335}
50338132
	 {136330319}
12120430
	 {3882911}
182032859
	 {88063046}
41585148
	 {144513698}
222589464
	 {7153638}
146248398
	 {40447831}
490207955
	 {68603392}
148386699
	 {209243336}
157731833
	 {164276581}
150488106
	 {362942978}
130352283
	 {70606856}
20040880
	 {173182420}
221904066
	 {18826558}
374076612
	 {185177482}
151848321
	 {66146804}
391667077
	 {164276581}
185177482
	 {374076612}
82843169
	 {40678612}
251985582
	 {543162088}
403171002
	 {503216352}
179554079
	 {193702434}
57601864
	 {362942978}
213819428
	 set()
240648231
	 set()
426223761
	 set()
350298266
	 set()
254798018
	 set()
374886649
	 set()
172337485
	 set()
186143059
	 set()
276554073
	 set()
59054450
	 set()
44659080
	 set()
50252228
	 set()
370106859
	 set()
486005233
	 set()
39612989
	 set()
249856586
	 set()
187906747
	 set()
375507745
	 set()
365077318
	 set()
132275063
	 set()
218444676
	 set()
300911509
	 set()
2157547
	 set()
294605837
	 set()
308706333
	 set()
254583882
	 set()
270849123
	 set()
319358071
	 set()
197698728
	 set()
565288280
	 set()
99298683
	 set()
40545660
	 set()
247178624
	 set()
234288523
	 set()
310732263
	 set()
451001858
	 set()
196105735
	 set()
27907700
	 set()
97244793
	 set()
356689534
	 set()
177933956
	 set()
81651336
	 set()
154695326
	 set()
195540699
	 set()
325158700
	 set()
101848882
	 set()
78487393
	 set()
23914392
	 set()
182165432
	 set()
158967805
	 set()
