393
40584410
	 {132983042, 80096908, 210636556, 15023764, 132230294, 11946525, 53676194, 84795172, 114497828, 284334247, 317187625, 10538795, 135554479, 169642165, 34143544, 104582206, 137147968, 209740229, 59559418, 97513683, 341871317, 11190617, 145415643, 67762281, 144991852, 52439149, 437576180, 38584695, 151487098}
52439149
	 {336860032, 132983042, 208224527, 33861656, 492637593, 176366874, 10538795, 207826347, 47191742, 209740229, 191839048, 225736145, 59559418, 70420182, 11190617, 40584410, 199847776, 144991852, 50489710, 151487098, 140546427}
11946525
	 {53676194, 322986309, 284334247, 151843816, 67762281, 176366874, 144991852, 234288523, 207826347, 135554479, 225736145, 190499058, 341871317, 132230294, 110629301, 40584410, 145728763, 227137309}
132230294
	 {53676194, 322986309, 284334247, 67762281, 227137309, 176366874, 80096908, 29751532, 146504557, 244728879, 207826347, 70420182, 145415643, 357147128, 40584410, 145728763, 11946525}
144991852
	 {137147968, 250281120, 336860032, 211766781, 24127397, 159480938, 176366874, 52439149, 166066638, 244992975, 169642165, 22729496, 11190617, 40584410, 11946525, 60253950}
225736145
	 {286299841, 145089668, 191839048, 67762281, 207826347, 163299885, 52439149, 208224527, 97513683, 110629301, 70420182, 194759959, 151537141, 176366874, 11946525}
67762281
	 {250281120, 286299841, 284334247, 227137309, 176366874, 225736145, 341871317, 132230294, 194759959, 34143544, 110629301, 40584410, 145728763, 11946525}
34143544
	 {38932768, 145554338, 114497828, 317187625, 67762281, 80096908, 50489710, 156291087, 164207379, 341871317, 357147128, 40584410, 211766781, 118617278}
145415643
	 {482973280, 286299841, 209149127, 176366874, 234288523, 163299885, 207826347, 135554479, 97513683, 132230294, 40584410}
286299841
	 {482973280, 67762281, 163299885, 156291087, 225736145, 97513683, 110629301, 194759959, 176366874, 145415643}
207826347
	 {482973280, 24127397, 227137309, 52439149, 225736145, 151537141, 132230294, 176366874, 145415643, 11946525}
80096908
	 {210636556, 135500974, 166066638, 15023764, 341871317, 132230294, 437576180, 34143544, 40584410}
482973280
	 {286299841, 162783938, 234288523, 207826347, 151537141, 176366874, 145415643, 153416285}
53676194
	 {250281120, 322986309, 176366874, 135554479, 216909904, 132230294, 40584410, 11946525}
227137309
	 {322986309, 67762281, 207826347, 151537141, 132230294, 176366874, 145728763, 11946525}
10538795
	 {84795172, 209740229, 52439149, 38584695, 68257112, 11190617, 40584410, 104582206}
199847776
	 {38932768, 336860032, 132983042, 29751532, 52439149, 210636556, 146504557, 151537141}
151537141
	 {482973280, 199847776, 24127397, 207826347, 163299885, 225736145, 176366874, 227137309}
145089668
	 {137147968, 114497828, 29751532, 166066638, 225736145, 341871317, 357147128}
284334247
	 {67762281, 176366874, 190499058, 159256498, 132230294, 40584410, 11946525}
169642165
	 {336860032, 114497828, 159480938, 144991852, 22729496, 40584410, 60253950}
341871317
	 {145089668, 67762281, 80096908, 15023764, 34143544, 40584410, 11946525}
163299885
	 {286299841, 191839048, 225736145, 151537141, 194759959, 145415643}
97513683
	 {286299841, 146504557, 135554479, 225736145, 40584410, 145415643}
194759959
	 {286299841, 67762281, 163299885, 225736145, 110629301, 176366874}
114497828
	 {38932768, 145089668, 159480938, 169642165, 34143544, 40584410}
38584695
	 {209740229, 10538795, 52439149, 11190617, 40584410, 104582206}
234288523
	 {482973280, 209149127, 190499058, 176366874, 145415643, 11946525}
209740229
	 {10538795, 52439149, 151487098, 38584695, 11190617, 40584410}
15023764
	 {84795172, 80096908, 210636556, 341871317, 40584410}
145728763
	 {11946525, 67762281, 132230294, 176366874, 227137309}
22729496
	 {336860032, 144991852, 135554479, 169642165, 60253950}
24127397
	 {207826347, 144991852, 156291087, 151537141, 52450171}
166066638
	 {145089668, 80096908, 29751532, 144991852, 164207379}
357147128
	 {137147968, 145089668, 135554479, 132230294, 34143544}
47191742
	 {33861656, 317187625, 11190617, 52439149}
60253950
	 {22729496, 211766781, 144991852, 169642165}
84795172
	 {11190617, 40584410, 10538795, 15023764}
146504557
	 {199847776, 97513683, 135500974, 132230294}
211766781
	 {137147968, 34143544, 144991852, 60253950}
156291087
	 {34143544, 286299841, 24127397}
244728879
	 {176366874, 70420182, 132230294}
250281120
	 {67762281, 53676194, 144991852}
190499058
	 {234288523, 11946525, 284334247}
191839048
	 {225736145, 52439149, 163299885}
145554338
	 {38932768, 34143544, 118617278}
159256498
	 {137147968, 176366874, 284334247}
437576180
	 {40584410, 59559418, 80096908}
33861656
	 {52439149, 47191742}
135500974
	 {80096908, 146504557}
118617278
	 {34143544, 145554338}
164207379
	 {34143544, 166066638}
371800081
	 {338302319}
92585502
	 {107534557}
153416285
	 {482973280}
162783938
	 {482973280}
107534557
	 {92585502}
140546427
	 {52439149}
52450171
	 {24127397}
244992975
	 {144991852}
151843816
	 {11946525}
65139249
	 set()
31807186
	 set()
335772476
	 set()
171798925
	 set()
12575651
	 set()
101100526
	 set()
