255
184833226
	 {273779076, 345740296, 31021581, 89400206, 271159952, 134443409, 243643924, 230845590, 221251486, 320877089, 309672739, 148159397, 46460713, 216252213, 225061301, 217833015, 400662208, 548278466, 285206083, 320052424, 179089100, 142636494, 270272852, 225043546, 316163935, 330595041, 205506274, 323234531, 269599082, 435038314, 144991852, 198339567, 243646959, 334068977, 168140663, 412087802, 170103551}
198339567
	 {330595041, 548278466, 285206083, 205506274, 345740296, 184833226, 142636494, 243646959, 271159952, 170103551, 243643924, 230845590, 210513240, 412087802, 347434364, 316163935}
330595041
	 {548278466, 205506274, 323234531, 345740296, 184833226, 179089100, 142636494, 198339567, 243643924, 230845590, 210513240, 412087802, 316163935}
243643924
	 {330595041, 205506274, 323234531, 184833226, 179089100, 144991852, 142636494, 89400206, 198339567, 359293265, 243646959, 170103551}
142636494
	 {330595041, 205506274, 345740296, 184833226, 198339567, 243646959, 243643924, 230845590, 210513240, 324428665, 412087802, 316163935}
170103551
	 {400662208, 323234531, 273779076, 184833226, 179089100, 144991852, 89400206, 198339567, 243646959, 359293265, 243643924}
243646959
	 {323234531, 256000388, 184833226, 144991852, 89400206, 142636494, 198339567, 359293265, 243643924, 170103551}
345740296
	 {330595041, 184833226, 142636494, 198339567, 271159952, 225061301, 230845590, 412087802, 316163935}
89400206
	 {400662208, 323234531, 273779076, 184833226, 179089100, 144991852, 243646959, 243643924, 170103551}
230845590
	 {330595041, 205506274, 345740296, 184833226, 142636494, 198339567, 225061301, 210513240, 316163935}
179089100
	 {400662208, 330595041, 273779076, 256000388, 184833226, 144991852, 89400206, 243643924, 170103551}
205506274
	 {330595041, 184833226, 142636494, 198339567, 359293265, 243643924, 230845590, 412087802, 316163935}
412087802
	 {330595041, 548278466, 205506274, 345740296, 184833226, 142636494, 198339567, 217833015, 316163935}
548278466
	 {330595041, 285206083, 184833226, 198339567, 134443409, 334068977, 168140663, 412087802}
316163935
	 {330595041, 205506274, 345740296, 184833226, 142636494, 198339567, 230845590, 412087802}
144991852
	 {273779076, 256000388, 184833226, 179089100, 89400206, 243646959, 243643924, 170103551}
273779076
	 {400662208, 184833226, 144991852, 179089100, 89400206, 170103551}
323234531
	 {330595041, 184833226, 89400206, 243646959, 243643924, 170103551}
400662208
	 {273779076, 184833226, 179089100, 89400206, 170103551}
359293265
	 {205506274, 243646959, 243643924, 347434364, 170103551}
225043546
	 {320052424, 184833226, 269599082, 270272852, 216252213}
134443409
	 {184833226, 548278466, 285206083, 168140663}
168140663
	 {184833226, 134443409, 548278466, 285206083}
256000388
	 {144991852, 179089100, 243646959}
217833015
	 {412087802, 320877089, 184833226}
435038314
	 {271159952, 184833226, 225061301}
334068977
	 {184833226, 548278466, 285206083}
347434364
	 {359293265, 285206083, 198339567}
320877089
	 {184833226, 217833015}
216252213
	 {184833226, 225043546}
320052424
	 {184833226, 225043546}
270272852
	 {184833226, 225043546}
269599082
	 {184833226, 225043546}
221251486
	 {184833226}
309672739
	 {184833226}
148159397
	 {184833226}
46460713
	 {184833226}
266836011
	 {239409898}
239409898
	 {266836011}
350534813
	 set()
339840416
	 set()
235609929
	 set()
276764620
	 set()
430991196
	 set()
455815015
	 set()
