2359
243643924
	 {226294786, 517107204, 158578695, 248142351, 274693143, 263341079, 191111704, 173374498, 226145836, 268800045, 356111407, 261399602, 244563521, 170856519, 391776840, 155158603, 240746064, 490962517, 167579228, 151555581, 131502694, 169627755, 144991852, 205761131, 184594037, 231808634, 267308158, 233044607, 207613057, 241094274, 612205200, 275244177, 370035360, 195496106, 247490731, 157068975, 184157878, 191867576, 230060217, 179802813, 154895042, 264193225, 230853332, 194634453, 194579672, 199946970, 221894880, 330595041, 321454820, 180100846, 240160494, 264972526, 237757171, 156929783, 397291256, 222870779, 259640065, 279754499, 285171973, 304647947, 213598492, 382927644, 361756448, 381781795, 333404454, 212242731, 188466990, 316622642, 201303353, 246880576, 259926855, 289080655, 359293265, 230204755, 174738775, 327732063, 513077599, 168659813, 321310572, 307893111, 506197371, 227219840, 258246017, 92377986, 318685568, 354870658, 553727367, 174140810, 242410910, 173252511, 165956002, 214800803, 209611684, 213349290, 299276209, 208561595, 176692157, 195242431, 529178047, 304100290, 142636494, 330487253, 135206871, 493963735, 140523483, 227658718, 329320418, 334014434, 369421797, 238366187, 166362605, 174513133, 243646959, 452253685, 386864121, 374776826, 437073405, 176211455}
361756448
	 {158578695, 310691340, 248142351, 243643924, 274693143, 268800045, 356111407, 244563521, 170856519, 240746064, 490962517, 301870171, 167579228, 131502694, 169627755, 144991852, 205761131, 231808634, 233044607, 207613057, 612205200, 195496106, 157068975, 184157878, 191867576, 230060217, 179802813, 163603136, 154895042, 264193225, 230853332, 194579672, 199946970, 221894880, 330595041, 321454820, 180100846, 264972526, 237757171, 156929783, 259640065, 342500633, 382927644, 432717092, 333404454, 188466990, 316622642, 201303353, 259926855, 359293265, 326968153, 168659813, 245989236, 506197371, 227219840, 318685568, 553727367, 174140810, 242410910, 173252511, 165956002, 209611684, 225481130, 321015727, 299276209, 176692157, 261649341, 304100290, 142636494, 135206871, 493963735, 140523483, 329320418, 334014434, 369421797, 166362605, 174513133, 243646959, 165630963, 452253685, 386864121, 374776826}
493963735
	 {207613057, 259640065, 374776826, 553727367, 174140810, 267515787, 248142351, 612205200, 243643924, 274693143, 173252511, 361756448, 165956002, 432717092, 195496106, 225481130, 268800045, 356111407, 157068975, 175519537, 316622642, 321015727, 299276209, 251077430, 191867576, 230060217, 201303353, 179802813, 176692157, 261649341, 244563521, 154895042, 259926855, 264193225, 142636494, 240746064, 359293265, 230853332, 490962517, 135206871, 199946970, 530342135, 167579228, 346288987, 140523483, 227658718, 221894880, 330595041, 329320418, 321454820, 168659813, 169627755, 144991852, 166362605, 180100846, 264972526, 243646959, 237757171, 245989236, 452253685, 156929783, 397291256, 231808634, 233044607}
166362605
	 {259640065, 372326404, 553727367, 174140810, 310691340, 190712718, 612205200, 243643924, 162695958, 274693143, 276489500, 173252511, 361756448, 381781795, 333404454, 281916458, 195496106, 268800045, 188466990, 356111407, 299276209, 261399602, 316622642, 184157878, 191867576, 230060217, 201303353, 208561595, 179802813, 195242431, 244563521, 304100290, 170856519, 264193225, 307286605, 289080655, 230204755, 490962517, 493963735, 194579672, 326968153, 199946970, 530342135, 167579228, 227658718, 327732063, 221894880, 330595041, 321454820, 369421797, 321310572, 174513133, 264972526, 243646959, 237757171, 245989236, 452253685, 156929783, 386864121, 231808634, 233044607}
221894880
	 {318685568, 207613057, 259640065, 92377986, 374776826, 285171973, 553727367, 174140810, 190712718, 248142351, 612205200, 243643924, 162695958, 263341079, 274693143, 191111704, 213598492, 242410910, 173252511, 370035360, 361756448, 165956002, 333404454, 195496106, 212242731, 157068975, 261399602, 184157878, 230060217, 201303353, 179802813, 195242431, 246880576, 244563521, 154895042, 579908416, 229564612, 264193225, 307286605, 289080655, 240746064, 359293265, 230204755, 230853332, 135206871, 493963735, 326968153, 167579228, 330595041, 321454820, 168659813, 169627755, 321310572, 166362605, 180100846, 264972526, 174513133, 231808634, 233044607}
195496106
	 {207613057, 259640065, 279754499, 372326404, 374776826, 553727367, 174140810, 310691340, 190712718, 248142351, 275244177, 243643924, 274693143, 263341079, 173252511, 361756448, 432717092, 225481130, 356111407, 321015727, 299276209, 316622642, 191867576, 230060217, 246880576, 244563521, 170856519, 264193225, 142636494, 240746064, 359293265, 230853332, 493963735, 326968153, 199946970, 301870171, 167579228, 346288987, 227658718, 221894880, 330595041, 321454820, 369421797, 238366187, 166362605, 264972526, 243646959, 245989236, 156929783, 231808634, 233044607}
231808634
	 {207613057, 553727367, 248142351, 612205200, 243643924, 162695958, 274693143, 342500633, 361756448, 432717092, 209611684, 333404454, 195496106, 212242731, 321015727, 261399602, 184157878, 191867576, 195242431, 579908416, 244563521, 229564612, 170856519, 289080655, 240746064, 359293265, 230204755, 230853332, 493963735, 167579228, 327732063, 221894880, 321454820, 169627755, 321310572, 166362605, 174513133, 245989236, 452253685, 156929783, 386864121, 151555581}
240746064
	 {259640065, 553727367, 248142351, 243643924, 274693143, 191111704, 242410910, 361756448, 333404454, 281916458, 195496106, 268800045, 188466990, 321015727, 316622642, 184157878, 191867576, 201303353, 179802813, 170856519, 264193225, 359293265, 230853332, 493963735, 194579672, 326968153, 167579228, 227658718, 221894880, 330595041, 321454820, 369421797, 174513133, 264972526, 243646959, 237757171, 245989236, 386864121, 231808634, 506197371, 233044607}
553727367
	 {207613057, 374776826, 372326404, 310691340, 190712718, 248142351, 243643924, 274693143, 263341079, 191111704, 361756448, 333404454, 195496106, 356111407, 321015727, 299276209, 316622642, 184157878, 191867576, 176692157, 304100290, 170856519, 264193225, 240746064, 359293265, 230853332, 135206871, 493963735, 199946970, 530342135, 167579228, 227658718, 221894880, 321454820, 238366187, 166362605, 174513133, 156929783, 231808634, 233044607}
230853332
	 {207613057, 259640065, 92377986, 553727367, 310691340, 190712718, 243643924, 274693143, 191111704, 361756448, 282877731, 381781795, 209611684, 333404454, 195496106, 356111407, 184157878, 191867576, 230060217, 76661436, 176692157, 244563521, 170856519, 289080655, 240746064, 359293265, 493963735, 326968153, 167579228, 227658718, 221894880, 321454820, 338953833, 174513133, 237757171, 245989236, 231808634}
264972526
	 {259640065, 612205200, 243643924, 361756448, 165956002, 209611684, 195496106, 225481130, 188466990, 299276209, 316622642, 191867576, 179802813, 261649341, 246880576, 244563521, 264193225, 142636494, 240746064, 359293265, 490962517, 135206871, 493963735, 199946970, 140523483, 221894880, 329320418, 321454820, 369421797, 169627755, 166362605, 243646959, 237757171, 397291256, 374776826, 233044607}
169627755
	 {259640065, 174140810, 612205200, 243643924, 173252511, 361756448, 165956002, 188466990, 356111407, 230060217, 76661436, 179802813, 261649341, 154895042, 170856519, 264193225, 597683924, 135206871, 194579672, 493963735, 221894880, 330595041, 329320418, 168659813, 144991852, 240160494, 264972526, 243646959, 237757171, 452253685, 231808634, 233044607}
167579228
	 {207613057, 553727367, 248142351, 243643924, 274693143, 191111704, 361756448, 432717092, 333404454, 195496106, 321015727, 175519537, 184157878, 304100290, 289080655, 240746064, 359293265, 230853332, 493963735, 346288987, 227658718, 221894880, 321454820, 144991852, 166362605, 174513133, 245989236, 452253685, 386864121, 231808634, 233044607}
359293265
	 {207613057, 374776826, 553727367, 275244177, 243643924, 191111704, 213598492, 361756448, 209611684, 195496106, 225481130, 321015727, 299276209, 316622642, 184157878, 191867576, 264193225, 240746064, 230853332, 493963735, 346288987, 167579228, 221894880, 321454820, 238366187, 174513133, 264972526, 243646959, 179522161, 245989236, 231808634}
243646959
	 {174140810, 243643924, 361756448, 165956002, 432717092, 281916458, 195496106, 356111407, 321015727, 316622642, 230060217, 179802813, 176692157, 261649341, 264193225, 142636494, 240746064, 359293265, 135206871, 493963735, 140523483, 329320418, 169627755, 144991852, 166362605, 264972526, 245989236, 452253685, 156929783, 374776826, 233044607}
233044607
	 {207613057, 553727367, 190712718, 248142351, 243643924, 191111704, 361756448, 282877731, 432717092, 195496106, 184157878, 179802813, 261649341, 264193225, 240746064, 135206871, 493963735, 530342135, 167579228, 140523483, 221894880, 330595041, 321454820, 169627755, 166362605, 264972526, 174513133, 243646959, 156929783, 374776826}
191867576
	 {207613057, 374776826, 553727367, 310691340, 190712718, 248142351, 243643924, 274693143, 361756448, 209611684, 195496106, 225481130, 321015727, 299276209, 316622642, 264193225, 240746064, 359293265, 230853332, 597683924, 493963735, 199946970, 227658718, 321454820, 369421797, 166362605, 264972526, 245989236, 156929783, 231808634}
248142351
	 {207613057, 372326404, 553727367, 243643924, 162695958, 274693143, 276489500, 361756448, 209611684, 333404454, 281916458, 195496106, 212242731, 321015727, 184157878, 191867576, 170856519, 240746064, 493963735, 199946970, 167579228, 227658718, 221894880, 321310572, 245989236, 156929783, 386864121, 231808634, 233044607}
207613057
	 {374776826, 553727367, 174140810, 248142351, 243643924, 274693143, 191111704, 361756448, 209611684, 333404454, 195496106, 321015727, 184157878, 191867576, 230060217, 170856519, 359293265, 230853332, 493963735, 167579228, 221894880, 321454820, 245989236, 452253685, 156929783, 386864121, 231808634, 233044607}
179802813
	 {259640065, 243643924, 274693143, 361756448, 165956002, 268800045, 316622642, 201303353, 76661436, 259926855, 264193225, 142636494, 240746064, 135206871, 493963735, 227658718, 221894880, 330595041, 168659813, 369421797, 169627755, 166362605, 264972526, 243646959, 237757171, 259488757, 374776826, 233044607}
165956002
	 {259640065, 174140810, 243643924, 173252511, 361756448, 268800045, 175519537, 316622642, 251077430, 201303353, 230060217, 179802813, 490962517, 135206871, 493963735, 227658718, 221894880, 329320418, 168659813, 169627755, 144991852, 180100846, 240160494, 264972526, 243646959, 452253685, 374776826, 151555581}
135206871
	 {553727367, 174140810, 243643924, 342500633, 173252511, 361756448, 165956002, 432717092, 247490731, 268800045, 230060217, 179802813, 264193225, 493963735, 194579672, 227658718, 221894880, 330595041, 329320418, 168659813, 205761131, 144991852, 169627755, 180100846, 264972526, 243646959, 452253685, 233044607}
374776826
	 {207613057, 553727367, 310691340, 275244177, 243643924, 191111704, 361756448, 165956002, 195496106, 225481130, 356111407, 299276209, 316622642, 191867576, 179802813, 176692157, 264193225, 359293265, 490962517, 493963735, 199946970, 221894880, 321454820, 264972526, 243646959, 530342135, 233044607}
264193225
	 {553727367, 243643924, 274693143, 361756448, 432717092, 195496106, 356111407, 175519537, 191867576, 179802813, 240746064, 359293265, 135206871, 493963735, 326968153, 199946970, 530342135, 221894880, 329320418, 169627755, 166362605, 264972526, 243646959, 156929783, 374776826, 233044607}
330595041
	 {318685568, 259640065, 243643924, 274693143, 242410910, 361756448, 432717092, 195496106, 257517611, 356111407, 201303353, 179802813, 244563521, 170856519, 142636494, 240746064, 135206871, 493963735, 221894880, 168659813, 369421797, 169627755, 166362605, 237757171, 452253685, 233044607}
156929783
	 {207613057, 553727367, 190712718, 248142351, 243643924, 274693143, 361756448, 282877731, 281916458, 195496106, 321015727, 299276209, 191867576, 264193225, 493963735, 199946970, 227658718, 321454820, 238366187, 144991852, 166362605, 243646959, 245989236, 231808634, 151555581, 233044607}
333404454
	 {207613057, 372326404, 553727367, 190712718, 248142351, 243643924, 162695958, 274693143, 361756448, 212242731, 184157878, 201303353, 244563521, 170856519, 289080655, 240746064, 230204755, 230853332, 199946970, 167579228, 227658718, 221894880, 321310572, 166362605, 386864121, 231808634}
227658718
	 {372326404, 553727367, 174140810, 248142351, 243643924, 162695958, 342500633, 276489500, 165956002, 333404454, 281916458, 195496106, 321015727, 191867576, 230060217, 179802813, 240746064, 230853332, 330487253, 135206871, 194579672, 493963735, 167579228, 166362605, 245989236, 156929783}
174513133
	 {241094274, 158578695, 553727367, 190712718, 243643924, 191111704, 361756448, 173374498, 381781795, 214800803, 176211455, 226145836, 184157878, 391776840, 240746064, 359293265, 230853332, 346288987, 167579228, 221894880, 321454820, 166362605, 231808634, 437073405, 267308158, 233044607}
212242731
	 {517107204, 285171973, 248142351, 243643924, 162695958, 213598492, 333404454, 175519537, 261399602, 511212466, 208561595, 195242431, 246880576, 244563521, 579908416, 529178047, 307286605, 289080655, 230204755, 513077599, 221894880, 327732063, 321310572, 245989236, 231808634}
230060217
	 {207613057, 279754499, 174140810, 612205200, 243643924, 274693143, 342500633, 173252511, 361756448, 165956002, 195496106, 247490731, 230853332, 135206871, 493963735, 227658718, 221894880, 329320418, 131502694, 205761131, 169627755, 166362605, 180100846, 243646959}
321015727
	 {207613057, 553727367, 190712718, 248142351, 274693143, 361756448, 282877731, 281916458, 195496106, 175519537, 191867576, 240746064, 359293265, 493963735, 326968153, 167579228, 227658718, 321454820, 243646959, 245989236, 156929783, 386864121, 231808634, 151555581}
356111407
	 {372326404, 553727367, 243643924, 274693143, 191111704, 361756448, 282877731, 195496106, 188466990, 316622642, 76661436, 264193225, 230853332, 493963735, 326968153, 199946970, 330595041, 169627755, 166362605, 243646959, 245989236, 397291256, 374776826}
259640065
	 {92377986, 612205200, 243643924, 361756448, 165956002, 195496106, 268800045, 157068975, 179802813, 154895042, 240746064, 230853332, 493963735, 140523483, 221894880, 330595041, 168659813, 369421797, 169627755, 166362605, 264972526, 237757171, 397291256}
316622642
	 {279754499, 553727367, 310691340, 243643924, 361756448, 165956002, 209611684, 195496106, 225481130, 356111407, 299276209, 191867576, 201303353, 179802813, 240746064, 359293265, 493963735, 199946970, 166362605, 180100846, 264972526, 243646959, 374776826}
289080655
	 {285171973, 304647947, 243643924, 162695958, 213598492, 333404454, 212242731, 175519537, 195242431, 246880576, 244563521, 579908416, 229564612, 230204755, 230853332, 167579228, 327732063, 221894880, 435109094, 321310572, 166362605, 452253685, 231808634}
245989236
	 {207613057, 190712718, 248142351, 274693143, 276489500, 361756448, 195496106, 212242731, 356111407, 321015727, 191867576, 240746064, 359293265, 230853332, 493963735, 326968153, 167579228, 227658718, 321454820, 166362605, 243646959, 156929783, 231808634}
190712718
	 {553727367, 274693143, 191111704, 333404454, 195496106, 321015727, 184157878, 191867576, 176692157, 304100290, 170856519, 230853332, 326968153, 221894880, 321454820, 168659813, 166362605, 174513133, 237757171, 245989236, 156929783, 386864121, 233044607}
170856519
	 {207613057, 553727367, 190712718, 248142351, 243643924, 274693143, 191111704, 276489500, 361756448, 209611684, 333404454, 195496106, 188466990, 240746064, 230853332, 326968153, 330595041, 369421797, 169627755, 166362605, 386864121, 231808634}
199946970
	 {279754499, 372326404, 553727367, 310691340, 248142351, 243643924, 361756448, 333404454, 195496106, 225481130, 356111407, 299276209, 316622642, 191867576, 264193225, 493963735, 326968153, 321454820, 166362605, 264972526, 156929783, 374776826}
174140810
	 {207613057, 279754499, 243643924, 173252511, 361756448, 165956002, 282877731, 195496106, 247490731, 230060217, 330487253, 493963735, 135206871, 227658718, 221894880, 329320418, 131502694, 205761131, 169627755, 166362605, 180100846, 243646959}
173252511
	 {279754499, 174140810, 612205200, 243643924, 274693143, 361756448, 165956002, 282877731, 195496106, 247490731, 230060217, 330487253, 493963735, 135206871, 221894880, 329320418, 131502694, 205761131, 169627755, 180153835, 180100846, 166362605}
299276209
	 {553727367, 310691340, 243643924, 263341079, 361756448, 209611684, 195496106, 225481130, 316622642, 191867576, 246880576, 359293265, 275101782, 493963735, 199946970, 321454820, 238366187, 166362605, 264972526, 272202100, 156929783, 374776826}
321310572
	 {517107204, 285171973, 248142351, 243643924, 333404454, 212242731, 511212466, 195242431, 246880576, 244563521, 579908416, 529178047, 229564612, 289080655, 230204755, 513077599, 221894880, 327732063, 435109094, 166362605, 231808634}
144991852
	 {92377986, 243643924, 361756448, 165956002, 432717092, 163256614, 175519537, 251077430, 201303353, 490962517, 493963735, 135206871, 140523483, 167579228, 329320418, 168659813, 169627755, 243646959, 452253685, 156929783}
237757171
	 {259640065, 190712718, 243643924, 361756448, 268800045, 76661436, 261649341, 179802813, 240746064, 230853332, 490962517, 493963735, 330595041, 168659813, 369421797, 169627755, 166362605, 264972526, 259488757, 397291256}
168659813
	 {259640065, 190712718, 243643924, 361756448, 165956002, 268800045, 157068975, 201303353, 76661436, 179802813, 493963735, 135206871, 194579672, 140523483, 221894880, 330595041, 169627755, 144991852, 237757171}
452253685
	 {207613057, 243643924, 361756448, 165956002, 432717092, 175519537, 251077430, 289080655, 493963735, 135206871, 140523483, 167579228, 330595041, 329320418, 169627755, 144991852, 166362605, 243646959, 231808634}
432717092
	 {361756448, 330595041, 493963735, 264193225, 195496106, 144991852, 268800045, 188466990, 243646959, 175519537, 490962517, 251077430, 135206871, 452253685, 231808634, 140523483, 167579228, 233044607}
201303353
	 {221894880, 244563521, 330595041, 361756448, 92377986, 168659813, 333404454, 165956002, 329320418, 144991852, 166362605, 240746064, 316622642, 243643924, 490962517, 493963735, 76661436, 179802813}
246880576
	 {221894880, 244563521, 285171973, 195242431, 195496106, 304647947, 212242731, 307286605, 264972526, 289080655, 321310572, 299276209, 243643924, 162695958, 263341079, 208561595, 213598492, 327732063}
158578695
	 {163603136, 361756448, 173374498, 241094274, 258246017, 214800803, 334014434, 391776840, 226145836, 174513133, 243643924, 184594037, 222870779, 382927644, 437073405, 267308158, 176211455}
612205200
	 {221894880, 259640065, 361756448, 493963735, 169627755, 166362605, 240160494, 264972526, 243643924, 490962517, 597683924, 330487253, 194579672, 230060217, 231808634, 151555581, 173252511}
230204755
	 {579908416, 244563521, 285171973, 333404454, 195242431, 212242731, 321310572, 307286605, 166362605, 289080655, 261399602, 511212466, 243643924, 162695958, 231808634, 213598492, 327732063}
369421797
	 {361756448, 244563521, 330595041, 259640065, 318685568, 170856519, 195496106, 166362605, 240160494, 264972526, 240746064, 142636494, 237757171, 243643924, 597683924, 191867576, 179802813}
191111704
	 {221894880, 207613057, 304100290, 381781795, 170856519, 553727367, 174513133, 190712718, 356111407, 240746064, 359293265, 243643924, 184157878, 374776826, 167579228, 233044607}
268800045
	 {361756448, 259640065, 92377986, 165956002, 432717092, 168659813, 163256614, 493963735, 166362605, 240746064, 237757171, 243643924, 135206871, 140523483, 76661436, 179802813}
140523483
	 {361756448, 259640065, 154895042, 432717092, 168659813, 163256614, 144991852, 268800045, 264972526, 157068975, 243646959, 243643924, 490962517, 452253685, 493963735, 233044607}
329320418
	 {361756448, 165956002, 493963735, 201303353, 264193225, 174140810, 169627755, 144991852, 264972526, 243646959, 243643924, 490962517, 452253685, 135206871, 230060217, 173252511}
151555581
	 {165956002, 229564612, 131502694, 240160494, 321015727, 612205200, 175519537, 243643924, 330487253, 259488757, 156929783, 194579672, 342500633, 231808634, 208561595, 327732063}
76661436
	 {244563521, 154895042, 92377986, 168659813, 169627755, 268800045, 188466990, 356111407, 261649341, 237757171, 230853332, 490962517, 397291256, 201303353, 179802813}
180100846
	 {221894880, 361756448, 165956002, 279754499, 493963735, 131502694, 174140810, 205761131, 247490731, 316622642, 243643924, 330487253, 135206871, 230060217, 173252511}
326968153
	 {221894880, 361756448, 170856519, 264193225, 195496106, 166362605, 190712718, 356111407, 240746064, 321015727, 230853332, 245989236, 274693143, 199946970, 276489500}
327732063
	 {246880576, 229564612, 195242431, 212242731, 321310572, 166362605, 289080655, 230204755, 243643924, 162695958, 263341079, 231808634, 213598492, 151555581, 513077599}
209611684
	 {361756448, 207613057, 226294786, 321454820, 170856519, 264972526, 248142351, 359293265, 316622642, 299276209, 243643924, 230853332, 274693143, 191867576, 231808634}
131502694
	 {361756448, 279754499, 282877731, 246517732, 174140810, 205761131, 247490731, 267515787, 180100846, 243643924, 330487253, 230060217, 151555581, 173252511}
194579672
	 {361756448, 168659813, 169627755, 166362605, 240160494, 240746064, 612205200, 243643924, 330487253, 135206871, 342500633, 506197371, 151555581, 227658718}
175519537
	 {165956002, 229564612, 432717092, 264193225, 212242731, 144991852, 289080655, 321015727, 490962517, 251077430, 493963735, 452253685, 167579228, 151555581}
195242431
	 {221894880, 246880576, 579908416, 229564612, 285171973, 435109094, 212242731, 321310572, 307286605, 166362605, 289080655, 230204755, 243643924, 327732063}
386864121
	 {361756448, 207613057, 474153059, 333404454, 170856519, 166362605, 190712718, 248142351, 240746064, 321015727, 243643924, 274693143, 231808634, 167579228}
279754499
	 {282877731, 131502694, 195496106, 205761131, 247490731, 174140810, 180100846, 316622642, 243643924, 230060217, 199946970, 176692157, 173252511}
282877731
	 {279754499, 591947077, 131502694, 338953833, 174140810, 205761131, 356111407, 321015727, 230853332, 156929783, 173252511, 276489500, 233044607}
330487253
	 {131502694, 174140810, 180153835, 180100846, 240160494, 612205200, 243643924, 259488757, 194579672, 342500633, 151555581, 227658718, 173252511}
310691340
	 {361756448, 374776826, 321454820, 553727367, 195496106, 166362605, 299276209, 316622642, 230853332, 530342135, 191867576, 199946970}
285171973
	 {221894880, 244563521, 246880576, 579908416, 212242731, 321310572, 307286605, 289080655, 230204755, 243643924, 208561595, 195242431}
307286605
	 {246880576, 579908416, 221894880, 229564612, 285171973, 212242731, 166362605, 261399602, 230204755, 213598492, 195242431}
205761131
	 {361756448, 279754499, 282877731, 131502694, 174140810, 247490731, 180100846, 243643924, 135206871, 230060217, 173252511}
229564612
	 {221894880, 579908416, 195242431, 321310572, 307286605, 289080655, 175519537, 261399602, 231808634, 151555581, 327732063}
188466990
	 {361756448, 92377986, 432717092, 170856519, 169627755, 166362605, 264972526, 240746064, 243643924, 346288987, 76661436}
92377986
	 {221894880, 259640065, 154895042, 144991852, 268800045, 188466990, 243643924, 490962517, 230853332, 201303353, 76661436}
176692157
	 {361756448, 493963735, 279754499, 553727367, 281916458, 190712718, 243646959, 230853332, 243643924, 274693143, 374776826}
304100290
	 {361756448, 321454820, 553727367, 166362605, 190712718, 142636494, 243643924, 184157878, 162695958, 191111704, 167579228}
142636494
	 {361756448, 330595041, 304100290, 369421797, 195496106, 264972526, 243646959, 243643924, 490962517, 493963735, 179802813}
173374498
	 {227219840, 241094274, 214800803, 158578695, 226145836, 174513133, 165630963, 243643924, 267308158, 176211455}
241094274
	 {173374498, 214800803, 158578695, 391776840, 226145836, 174513133, 243643924, 437073405, 267308158, 176211455}
154895042
	 {221894880, 259640065, 361756448, 92377986, 169627755, 243643924, 490962517, 493963735, 140523483, 76661436}
213598492
	 {221894880, 246880576, 212242731, 307286605, 289080655, 359293265, 261399602, 230204755, 243643924, 327732063}
261649341
	 {361756448, 259926855, 169627755, 264972526, 157068975, 243646959, 237757171, 493963735, 76661436, 233044607}
176211455
	 {173374498, 241094274, 214800803, 158578695, 391776840, 166825735, 226145836, 174513133, 243643924, 267308158}
247490731
	 {279754499, 131502694, 174140810, 205761131, 180100846, 243643924, 135206871, 230060217, 173252511}
240160494
	 {165956002, 369421797, 169627755, 612205200, 243643924, 330487253, 194579672, 208561595, 151555581}
214800803
	 {173374498, 241094274, 158578695, 226145836, 174513133, 243643924, 437073405, 267308158, 176211455}
238366187
	 {553727367, 195496106, 225481130, 359293265, 299276209, 272202100, 243643924, 156929783, 202878459}
226145836
	 {241094274, 173374498, 214800803, 158578695, 174513133, 243643924, 267308158, 176211455}
157068975
	 {221894880, 259640065, 361756448, 168659813, 243643924, 493963735, 140523483, 261649341}
342500633
	 {361756448, 330487253, 135206871, 194579672, 230060217, 231808634, 151555581, 227658718}
263341079
	 {221894880, 246880576, 553727367, 195496106, 299276209, 243643924, 327732063}
530342135
	 {553727367, 264193225, 310691340, 166362605, 493963735, 374776826, 233044607}
222870779
	 {158578695, 213349290, 268325519, 145639151, 243643924, 184594037, 382927644}
381781795
	 {318685568, 166362605, 174513133, 230853332, 243643924, 184157878, 191111704}
259926855
	 {361756448, 157068975, 261649341, 243643924, 493963735, 179802813, 242410910}
242410910
	 {221894880, 330595041, 361756448, 259926855, 157068975, 240746064, 243643924}
208561595
	 {246880576, 285171973, 212242731, 166362605, 240160494, 243643924, 151555581}
517107204
	 {513077599, 212242731, 321310572, 227737547, 243643924, 529178047}
391776840
	 {241094274, 158578695, 314701163, 174513133, 243643924, 176211455}
382927644
	 {361756448, 334014434, 166825735, 158578695, 243643924, 222870779}
251077430
	 {165956002, 432717092, 144991852, 175519537, 452253685, 493963735}
346288987
	 {195496106, 174513133, 188466990, 359293265, 493963735, 167579228}
513077599
	 {517107204, 529178047, 212242731, 321310572, 243643924, 327732063}
275244177
	 {195496106, 359293265, 243643924, 275101782, 374776826}
276489500
	 {282877731, 170856519, 248142351, 245989236, 227658718}
334014434
	 {361756448, 158578695, 243643924, 382927644, 267308158}
259488757
	 {179802813, 237757171, 330487253, 397291256, 151555581}
338953833
	 {281916458, 282877731, 230853332, 534878338}
184594037
	 {166825735, 222870779, 243643924, 158578695}
597683924
	 {612205200, 169627755, 369421797, 191867576}
506197371
	 {240746064, 361756448, 243643924, 194579672}
227219840
	 {361756448, 173374498, 165630963, 243643924}
226294786
	 {209611684, 267515787, 243643924}
301870171
	 {361756448, 195496106, 274693143}
435109094
	 {321310572, 289080655, 195242431}
166825735
	 {382927644, 184594037, 176211455}
163256614
	 {140523483, 144991852, 268800045}
258246017
	 {274693143, 243643924, 158578695}
511212466
	 {230204755, 212242731, 321310572}
165630963
	 {361756448, 173374498, 227219840}
275101782
	 {275244177, 299276209}
534878338
	 {338953833, 281916458}
163603136
	 {361756448, 158578695}
194634453
	 {304647947, 243643924}
591947077
	 {201303353, 282877731}
272202100
	 {299276209, 238366187}
297154460
	 {289770968, 437073405}
213349290
	 {222870779, 243643924}
289770968
	 {297154460, 437073405}
180153835
	 {330487253, 173252511}
257517611
	 {330595041}
155158603
	 {243643924}
474153059
	 {386864121}
179522161
	 {359293265}
268325519
	 {222870779}
370035360
	 {221894880}
145639151
	 {222870779}
174738775
	 {243643924}
307893111
	 {243643924}
227737547
	 {517107204}
208903641
	 {243643924}
202878459
	 {238366187}
667952182
	 set()
257153614
	 set()
205081755
	 set()
603192532
	 set()
158753023
	 set()
568908074
	 set()
455815015
	 set()
279448967
	 set()
257894808
	 set()
445132727
	 set()
425793488
	 set()
