210
88543770
	 {349604864, 181264011, 490598032, 569720849, 138824339, 264133145, 277911449, 297526820, 267072424, 484036530, 224727494, 520954567, 323038411, 194699468, 406262868, 197779030, 201166678, 138107482, 263820894, 613072353, 191779684, 144991852, 145028332, 535000945}
197779030
	 {349604864, 249496899, 297526820, 191779684, 388240294, 224727494, 257021960, 267072424, 429434312, 181264011, 194699468, 547691848, 166632243, 406262868, 201166678, 88543770, 526662173}
267072424
	 {222753792, 249496899, 191779684, 388240294, 224727494, 181264011, 194699468, 406262868, 197779030, 201166678, 277911449, 88543770, 395922108, 263820894}
191779684
	 {349604864, 273647936, 479738532, 257021960, 267072424, 429434312, 194699468, 166632243, 406262868, 197779030, 201166678, 88543770, 526662173, 176007359}
194699468
	 {349604864, 479738532, 191779684, 257021960, 267072424, 166632243, 406262868, 473408755, 197779030, 201166678, 277911449, 88543770, 395922108}
181264011
	 {349604864, 479738532, 257021960, 267072424, 166632243, 406262868, 197779030, 201166678, 88543770}
479738532
	 {191779684, 436719686, 181264011, 194699468, 393099118, 467309269, 514441752, 526662173, 176007359}
166632243
	 {273647936, 191779684, 388240294, 257021960, 181264011, 194699468, 467309269, 197779030, 176007359}
176007359
	 {273647936, 249496899, 479738532, 191779684, 436719686, 257021960, 219080721, 166632243, 467309269}
406262868
	 {249496899, 297526820, 191779684, 267072424, 181264011, 194699468, 197779030, 201166678, 88543770}
201166678
	 {249496899, 191779684, 267072424, 181264011, 194699468, 406262868, 197779030, 88543770}
257021960
	 {273647936, 191779684, 181264011, 194699468, 166632243, 197779030, 176007359}
297526820
	 {138824339, 406262868, 197779030, 264133145, 88543770, 263820894}
224727494
	 {273647936, 249496899, 267072424, 219080721, 197779030, 88543770}
349604864
	 {191779684, 181264011, 194699468, 197779030, 88543770}
490598032
	 {94422272, 520954567, 198330638, 535000945, 88543770}
273647936
	 {191779684, 224727494, 257021960, 166632243, 176007359}
467309269
	 {479738532, 436719686, 166632243, 473408755, 176007359}
263820894
	 {297526820, 267072424, 569720849, 138824339, 88543770}
219080721
	 {323038411, 249496899, 224727494, 176007359}
514441752
	 {547691848, 473408755, 479738532, 526662173}
264133145
	 {88543770, 138824339, 297526820}
277911449
	 {267072424, 88543770, 194699468}
395922108
	 {267072424, 194699468, 436719686}
94422272
	 {490598032, 88543770}
222753792
	 {267072424, 138824339}
198330638
	 {490598032, 88543770}
429434312
	 {191779684, 197779030}
238619422
	 {298101200}
298101200
	 {238619422}
138107482
	 {88543770}
613072353
	 {88543770}
144991852
	 {88543770}
145028332
	 {88543770}
494581256
	 set()
524627095
	 set()
378648892
	 set()
460896455
	 set()
