2822
144991852
	 {336423936, 62956545, 407214602, 191438861, 287899153, 96126994, 147743250, 243643924, 337258004, 32457239, 101470743, 151538712, 142706714, 88543770, 351841824, 159877154, 119253540, 254063652, 152689194, 298816558, 330968114, 408777273, 174712378, 121816123, 91984956, 304252475, 158859838, 170717759, 431542847, 137147968, 16455233, 289601606, 220382791, 71883341, 400901711, 178169936, 197507153, 249410130, 416277076, 490962517, 159521878, 208977496, 515492441, 140428378, 118935129, 167579228, 72588895, 208225378, 361695333, 151116904, 159480938, 169627755, 362583147, 99186798, 411732593, 449571443, 147315829, 153713277, 85468287, 173538431, 261217411, 264553607, 137780361, 162284681, 258548369, 340466322, 153658004, 60065431, 413767322, 217738911, 250281120, 340710563, 215018662, 160443560, 140028588, 25325229, 317713588, 169642165, 187436214, 132933301, 201628344, 153052344, 409813690, 224341687, 489934520, 138089150, 88654015, 173076673, 203636930, 145165507, 184833226, 90327755, 179089100, 246009038, 122261712, 181617361, 238871762, 256530650, 83356384, 203464419, 219859173, 197644008, 372935913, 285689066, 221715191, 156929783, 71691001, 499869950, 153373952, 100596485, 213146374, 81751304, 279788297, 306001161, 345379084, 219150092, 133481230, 124099858, 121823511, 176366874, 121592605, 325902110, 201431840, 361756448, 98876195, 432717092, 110671655, 179254576, 387144497, 245122354, 282379571, 175519537, 338324794, 381987652, 94766920, 215359305, 216484684, 135504205, 320086860, 330256723, 503055699, 44470100, 151798615, 78666584, 156995415, 279578970, 326503260, 269418845, 201510237, 64615775, 178511712, 437221217, 168659813, 92162921, 203338607, 229934447, 144735090, 225855346, 147392885, 143305590, 98841974, 71376759, 261969787, 256000388, 186359172, 5416838, 139005319, 274843525, 442453893, 134139278, 216733582, 205456273, 175478164, 168520087, 464354200, 444105114, 240594842, 654636955, 281242013, 281426334, 179778973, 145862556, 238430108, 96270240, 179324323, 296598437, 190496677, 235573673, 190955946, 161637291, 137982380, 215447465, 184735151, 155282353, 329635763, 167166900, 337028021, 135201725, 278257597, 57422783, 155329471, 232272832, 133714370, 382470595, 95039425, 170618818, 152470984, 366431689, 226392522, 68649932, 324963279, 328518608, 217431503, 126905809, 150794707, 303974868, 219262927, 255993809, 135206871, 371920345, 463438299, 140523483, 189927388, 361497567, 232432609, 329320418, 475701733, 230068197, 290235371, 273842157, 243646959, 28643311, 249065455, 343230448, 365589493, 133333494, 222516726, 246024696, 169606649, 406690810}
179254576
	 {74569605, 442453893, 345379084, 219150092, 216733582, 337258004, 168520087, 142706714, 281242013, 217738911, 340710563, 254063652, 296598437, 432717092, 179324323, 161637291, 140028588, 298816558, 184735151, 132933301, 224341687, 408777273, 174712378, 91984956, 278257597, 399427136, 95039425, 142272708, 381987652, 220382791, 366431689, 246009038, 178169936, 197507153, 303974868, 135206871, 208977496, 140523483, 178511712, 208225378, 208782691, 168659813, 230068197, 285689066, 144991852, 273842157, 99186798, 243646959, 144735090, 98841974, 221715191, 185764088}
217738911
	 {256000388, 219150092, 337258004, 168520087, 142706714, 361756448, 161637291, 184735151, 179254576, 282379571, 224341687, 174712378, 91984956, 278257597, 95039425, 133714370, 381987652, 366431689, 184833226, 179089100, 246009038, 240746064, 490962517, 135206871, 208977496, 515492441, 371920345, 140523483, 219859173, 168659813, 285689066, 169627755, 144991852, 273842157, 243646959, 144735090, 221715191, 233044607}
208977496
	 {256000388, 243643924, 168520087, 142706714, 281242013, 217738911, 254063652, 432717092, 179254576, 167166900, 187436214, 224341687, 408777273, 91984956, 399427136, 95039425, 179089100, 246009038, 240746064, 197507153, 303974868, 490962517, 135206871, 515492441, 140523483, 208225378, 208782691, 168659813, 230068197, 285689066, 169627755, 144991852, 273842157, 243646959, 225855346, 221715191, 233044607}
243646959
	 {256000388, 340466322, 243643924, 168520087, 444105114, 142706714, 217738911, 361756448, 432717092, 184735151, 179254576, 489934520, 408777273, 174712378, 392148800, 381987652, 366431689, 184833226, 246009038, 178169936, 240746064, 303974868, 135206871, 208977496, 140523483, 208225378, 208782691, 329320418, 285689066, 169627755, 144991852, 225855346, 156929783, 233044607}
174712378
	 {345379084, 243643924, 337258004, 168520087, 142706714, 217738911, 361756448, 340710563, 179324323, 161637291, 179254576, 408777273, 226206906, 392148800, 366431689, 179089100, 178169936, 240746064, 135206871, 194579672, 326503260, 167579228, 178511712, 329320418, 208782691, 219859173, 285689066, 169627755, 362583147, 144991852, 273842157, 243646959}
142706714
	 {345379084, 219150092, 444105114, 217738911, 340710563, 432717092, 296598437, 179254576, 175519537, 317713588, 187436214, 224341687, 408777273, 174712378, 91984956, 278257597, 95039425, 366431689, 246009038, 208977496, 140523483, 326503260, 269418845, 208225378, 208782691, 285689066, 144991852, 273842157, 243646959, 225855346, 221715191}
432717092
	 {142706714, 281242013, 361756448, 296598437, 179254576, 175519537, 330968114, 187436214, 224341687, 408777273, 338324794, 91984956, 399427136, 95039425, 179089100, 246009038, 197507153, 490962517, 135206871, 208977496, 371920345, 140523483, 167579228, 208225378, 208782691, 219859173, 230068197, 285689066, 144991852, 243646959, 233044607}
168659813
	 {256000388, 216733582, 243643924, 337258004, 168520087, 217738911, 361756448, 298816558, 184735151, 179254576, 224341687, 226206906, 91984956, 197278017, 184833226, 179089100, 178169936, 303974868, 135206871, 194579672, 371920345, 208977496, 140523483, 178511712, 285689066, 169627755, 144991852, 144735090, 425692530, 221715191}
168520087
	 {153373952, 186359172, 133481230, 337258004, 121823511, 217738911, 361756448, 179254576, 174712378, 91984956, 95039425, 133714370, 90327755, 490962517, 208977496, 371920345, 140523483, 208782691, 168659813, 285689066, 169627755, 144991852, 273842157, 99186798, 243646959, 203338607, 144735090, 221715191, 153713277}
408777273
	 {219150092, 142706714, 281242013, 179324323, 432717092, 296598437, 161637291, 179254576, 175519537, 282379571, 187436214, 224341687, 174712378, 91984956, 381987652, 366431689, 246009038, 249410130, 208977496, 140523483, 167579228, 178511712, 208782691, 219859173, 197644008, 362583147, 144991852, 243646959, 225855346}
245122354
	 {40860298, 191438861, 258548369, 176366874, 245718687, 119253540, 215018662, 155282353, 169642165, 337028021, 135201725, 158859838, 57422783, 232272832, 173076673, 137147968, 416810689, 220382791, 219262927, 159521878, 78666584, 224086877, 43023207, 92162921, 159480938, 144991852, 449571443, 147315829, 169606649}
281242013
	 {274843525, 340466322, 361756448, 179324323, 432717092, 296598437, 450129318, 179254576, 175519537, 330968114, 282379571, 317713588, 187436214, 408777273, 338324794, 399427136, 366431689, 240746064, 303974868, 208977496, 167579228, 329320418, 219859173, 230068197, 285689066, 362583147, 144991852, 225855346}
366431689
	 {142706714, 444105114, 281242013, 217738911, 340710563, 179324323, 296598437, 450129318, 179254576, 330968114, 317713588, 187436214, 489934520, 408777273, 174712378, 431542847, 381987652, 328518608, 330256723, 326503260, 167579228, 219859173, 230068197, 295725417, 285689066, 362583147, 144991852, 243646959}
140523483
	 {256000388, 243643924, 168520087, 142706714, 217738911, 361756448, 432717092, 179254576, 224341687, 408777273, 91984956, 399427136, 95039425, 179089100, 122261712, 197507153, 490962517, 208977496, 515492441, 208225378, 168659813, 285689066, 144991852, 273842157, 243646959, 225855346, 221715191, 233044607}
229934447
	 {100596485, 398333701, 147743250, 226854546, 245718687, 351841824, 159877154, 215447465, 152689194, 336072765, 170717759, 416810689, 170618818, 152470984, 226392522, 216484684, 68649932, 217431503, 324963279, 159521878, 207982809, 140428378, 172216284, 372935913, 290235371, 144991852, 169606649}
337258004
	 {168520087, 413767322, 217738911, 340710563, 179324323, 179254576, 167166900, 226206906, 338324794, 174712378, 431542847, 399427136, 197278017, 142272708, 324963279, 178169936, 240746064, 249410130, 490962517, 135206871, 371920345, 326503260, 361497567, 178511712, 168659813, 169627755, 144991852}
135206871
	 {243643924, 337258004, 217738911, 361756448, 179324323, 432717092, 179254576, 489934520, 226206906, 174712378, 91984956, 197278017, 142272708, 381987652, 184833226, 179089100, 178169936, 194579672, 208977496, 371920345, 178511712, 329320418, 168659813, 169627755, 144991852, 243646959, 233044607}
100596485
	 {139005319, 137780361, 437452432, 147743250, 351841824, 159877154, 409813690, 57422783, 170717759, 416810689, 203636930, 382470595, 145165507, 170618818, 226392522, 216484684, 320086860, 68649932, 150794707, 140428378, 64615775, 290235371, 144991852, 229934447, 147392885, 283518205}
145165507
	 {261217411, 100596485, 147743250, 32457239, 159877154, 409813690, 121816123, 170717759, 203636930, 170618818, 382470595, 94766920, 320086860, 71883341, 156995415, 78666584, 279578970, 64615775, 372935913, 144991852, 28643311, 411732593, 147392885, 133333494, 71376759, 71691001}
361756448
	 {243643924, 168520087, 281242013, 217738911, 432717092, 296598437, 174712378, 338324794, 184833226, 179089100, 178169936, 240746064, 303974868, 490962517, 135206871, 194579672, 140523483, 167579228, 178511712, 329320418, 168659813, 169627755, 144991852, 243646959, 156929783, 233044607}
178511712
	 {337258004, 361756448, 179324323, 296598437, 140028588, 184735151, 179254576, 408777273, 338324794, 174712378, 226206906, 197278017, 179089100, 178169936, 303974868, 490962517, 135206871, 194579672, 361497567, 437221217, 329320418, 475701733, 168659813, 169627755, 144991852, 156929783}
169606649
	 {279788297, 176366874, 281426334, 119253540, 190496677, 215018662, 245122354, 329635763, 169642165, 337028021, 304252475, 135201725, 57422783, 173076673, 220382791, 215359305, 219262927, 126905809, 159521878, 203464419, 92162921, 159480938, 144991852, 229934447, 147315829}
178169936
	 {243643924, 337258004, 361756448, 179324323, 179254576, 489934520, 174712378, 226206906, 392148800, 197278017, 416810689, 142272708, 179089100, 240746064, 490962517, 135206871, 194579672, 178511712, 329320418, 475701733, 168659813, 169627755, 144991852, 243646959}
296598437
	 {274843525, 142706714, 281242013, 361756448, 179324323, 432717092, 161637291, 179254576, 175519537, 330968114, 282379571, 317713588, 187436214, 408777273, 366431689, 167579228, 178511712, 219859173, 230068197, 285689066, 362583147, 144991852, 156929783, 233044607}
91984956
	 {219150092, 133481230, 168520087, 142706714, 217738911, 432717092, 161637291, 179254576, 224341687, 408777273, 278257597, 95039425, 179089100, 246009038, 490962517, 135206871, 208977496, 371920345, 140523483, 208225378, 168659813, 144991852, 273842157, 221715191}
243643924
	 {361756448, 224341687, 489934520, 174712378, 338324794, 184833226, 179089100, 178169936, 240746064, 303974868, 490962517, 135206871, 208977496, 194579672, 140523483, 167579228, 329320418, 168659813, 169627755, 144991852, 243646959, 425692530, 156929783, 233044607}
351841824
	 {184567168, 100596485, 81751304, 201431840, 119253540, 155282353, 336072765, 57422783, 170717759, 170618818, 226392522, 216484684, 68649932, 126905809, 159521878, 207982809, 140428378, 322167006, 83356384, 372935913, 211421803, 144991852, 290235371, 229934447}
246009038
	 {219150092, 142706714, 217738911, 254063652, 432717092, 161637291, 184735151, 179254576, 282379571, 224341687, 408777273, 91984956, 278257597, 138089150, 95039425, 208977496, 371920345, 269418845, 208225378, 144991852, 273842157, 243646959, 221715191}
338324794
	 {243643924, 337258004, 444105114, 413767322, 281242013, 361756448, 340710563, 432717092, 179324323, 184735151, 226206906, 431542847, 399427136, 197278017, 381987652, 240746064, 167579228, 178511712, 230068197, 285689066, 169627755, 144991852, 233044607}
224341687
	 {243643924, 142706714, 217738911, 254063652, 432717092, 161637291, 179254576, 408777273, 91984956, 138089150, 95039425, 246009038, 197507153, 490962517, 208977496, 140523483, 208225378, 168659813, 145982315, 144991852, 273842157, 221715191, 185764088}
179089100
	 {256000388, 243643924, 217738911, 361756448, 432717092, 174712378, 226206906, 91984956, 197278017, 133714370, 95039425, 184833226, 178169936, 135206871, 208977496, 194579672, 140523483, 178511712, 168659813, 285689066, 169627755, 144991852, 221715191}
169627755
	 {243643924, 337258004, 168520087, 217738911, 361756448, 226206906, 338324794, 174712378, 392148800, 197278017, 179089100, 178169936, 135206871, 194579672, 208977496, 178511712, 329320418, 208782691, 168659813, 144991852, 243646959, 233044607}
119253540
	 {306001161, 96126994, 60065431, 325902110, 351841824, 253435170, 190496677, 245122354, 337028021, 153052344, 304252475, 135201725, 220382791, 215359305, 219262927, 126905809, 503055699, 150794707, 159521878, 361695333, 144991852, 169606649}
147392885
	 {100596485, 139005319, 134139278, 32457239, 240594842, 140028588, 153052344, 409813690, 382470595, 145165507, 289601606, 320086860, 71883341, 400901711, 150794707, 416277076, 156995415, 64615775, 372935913, 144991852, 98841974}
159521878
	 {162284681, 306001161, 96126994, 351841824, 119253540, 190955946, 155282353, 245122354, 121816123, 304252475, 135201725, 94766920, 219262927, 503055699, 151798615, 372935913, 159480938, 144991852, 229934447, 343230448, 169606649}
167579228
	 {216733582, 340466322, 243643924, 281242013, 361756448, 432717092, 296598437, 175519537, 187436214, 408777273, 338324794, 174712378, 366431689, 240746064, 219859173, 230068197, 197644008, 285689066, 362583147, 144991852, 233044607}
273842157
	 {442453893, 219150092, 168520087, 142706714, 217738911, 340710563, 254063652, 161637291, 179254576, 282379571, 224341687, 174712378, 91984956, 399427136, 246009038, 122261712, 197507153, 208977496, 140523483, 144991852, 221715191}
303974868
	 {243643924, 281242013, 361756448, 298816558, 184735151, 179254576, 489934520, 160105422, 328518608, 255993809, 208977496, 178511712, 329320418, 168659813, 475701733, 144991852, 99186798, 243646959, 98841974, 156929783}
340710563
	 {274843525, 345379084, 337258004, 444105114, 413767322, 142706714, 450129318, 161637291, 179254576, 338324794, 174712378, 431542847, 399427136, 381987652, 366431689, 330256723, 208782691, 285689066, 144991852, 273842157}
147743250
	 {100596485, 137780361, 159877154, 215447465, 409813690, 416810689, 170618818, 145165507, 226392522, 216484684, 320086860, 68649932, 324963279, 400901711, 64615775, 361695333, 144991852, 229934447, 283518205}
170717759
	 {261217411, 100596485, 139005319, 153658004, 281426334, 351841824, 153052344, 336072765, 155329471, 232272832, 416810689, 145165507, 226392522, 135504205, 217431503, 118935129, 372935913, 144991852, 229934447}
161637291
	 {336423936, 219150092, 217738911, 340710563, 254063652, 296598437, 179324323, 179254576, 224341687, 408777273, 174712378, 91984956, 246009038, 197507153, 326503260, 208782691, 144991852, 273842157, 221715191}
135201725
	 {162284681, 306001161, 96126994, 253435170, 119253540, 215018662, 190955946, 155282353, 245122354, 304252475, 220382791, 219262927, 503055699, 159521878, 151798615, 203464419, 144991852, 343230448, 169606649}
187436214
	 {274843525, 142706714, 281242013, 179324323, 432717092, 296598437, 307705637, 175519537, 330968114, 408777273, 366431689, 208977496, 167579228, 219859173, 230068197, 285689066, 362583147, 144991852, 459299056}
156995415
	 {134139278, 240594842, 238430108, 179778973, 96270240, 140028588, 153052344, 88654015, 145165507, 382470595, 289601606, 94766920, 320086860, 71883341, 144991852, 411732593, 147392885, 71691001, 499869950}
219262927
	 {162284681, 306001161, 96126994, 253435170, 119253540, 190496677, 215018662, 190955946, 245122354, 304252475, 135201725, 57422783, 503055699, 159521878, 151798615, 144991852, 343230448, 449571443, 169606649}
169642165
	 {173076673, 203464419, 215018662, 94766920, 215359305, 159480938, 144991852, 325902110, 28643311, 411732593, 245122354, 503055699, 147315829, 32457239, 169606649, 121816123, 281426334, 155329471}
153052344
	 {119253540, 5416838, 139005319, 60065431, 137780361, 372935913, 215359305, 144991852, 156995415, 150794707, 44470100, 147392885, 329635763, 38584695, 78666584, 238430108, 281426334, 170717759}
503055699
	 {137147968, 253435170, 98876195, 119253540, 94766920, 162284681, 306001161, 144991852, 151798615, 219262927, 343230448, 411732593, 169642165, 159521878, 143200951, 304252475, 135201725, 155329471}
184735151
	 {178511712, 329320418, 254063652, 168659813, 407214602, 285689066, 144991852, 246009038, 243646959, 179254576, 328518608, 340466322, 255993809, 303974868, 490962517, 156929783, 338324794, 217738911}
416810689
	 {232272832, 100596485, 215018662, 372935913, 211421803, 184697102, 229934447, 178169936, 217431503, 147743250, 245122354, 245718687, 162815190, 207982809, 463438299, 336072765, 158859838, 170717759}
219859173
	 {399427136, 179324323, 432717092, 307705637, 296598437, 450129318, 366431689, 285689066, 362583147, 144991852, 340466322, 187436214, 408777273, 174712378, 167579228, 281242013, 217738911}
137780361
	 {203636930, 159877154, 170618818, 100596485, 5416838, 306001161, 226392522, 215447465, 216484684, 144991852, 437452432, 147743250, 38584695, 153052344, 409813690, 92585502, 245718687}
208782691
	 {399427136, 133714370, 340710563, 432717092, 179324323, 169627755, 345379084, 161637291, 243646959, 179254576, 330968114, 167166900, 174712378, 168520087, 208977496, 408777273, 142706714}
94766920
	 {164756482, 145165507, 98876195, 281426334, 382470595, 144991852, 325902110, 28643311, 411732593, 499869950, 503055699, 169642165, 159521878, 156995415, 118935129, 367663742, 88654015}
329320418
	 {361756448, 392148800, 178511712, 184833226, 169627755, 144991852, 135504205, 184735151, 178169936, 243646959, 225855346, 243643924, 490962517, 303974868, 135206871, 174712378, 281242013}
233044607
	 {361756448, 432717092, 296598437, 169627755, 489934520, 243646959, 240746064, 144735090, 135206871, 243643924, 156929783, 208977496, 338324794, 140523483, 167579228, 217738911}
409813690
	 {83356384, 159877154, 145165507, 203636930, 100596485, 170618818, 137780361, 144991852, 216484684, 184697102, 320086860, 437452432, 147743250, 416277076, 147392885, 140428378}
208225378
	 {95039425, 432717092, 144991852, 219150092, 246009038, 278257597, 179254576, 243646959, 224341687, 208977496, 371920345, 142706714, 140523483, 91984956, 153713277, 138089150}
98841974
	 {96270240, 361695333, 140028588, 71883341, 320086860, 134139278, 179254576, 144991852, 216733582, 303974868, 147392885, 32457239, 151538712, 71691001, 240594842, 179778973}
399427136
	 {340710563, 432717092, 219859173, 381987652, 208782691, 285689066, 345379084, 273842157, 179254576, 175519537, 330968114, 337258004, 208977496, 338324794, 140523483, 281242013}
220382791
	 {173076673, 203464419, 119253540, 190496677, 162284681, 159480938, 215359305, 144991852, 179254576, 126905809, 245122354, 337028021, 147315829, 169606649, 135201725, 57422783}
240746064
	 {361756448, 475701733, 338324794, 489934520, 194579672, 178169936, 217738911, 340466322, 243646959, 243643924, 337258004, 208977496, 174712378, 167579228, 281242013, 233044607}
99186798
	 {153373952, 197278017, 437221217, 168520087, 186359172, 133714370, 144991852, 133481230, 216733582, 179254576, 144735090, 303974868, 121823511, 256530650, 145862556}
371920345
	 {208225378, 432717092, 153713277, 168659813, 326503260, 144991852, 246009038, 135206871, 167166900, 337258004, 490962517, 221715191, 91984956, 278257597, 217738911}
118935129
	 {232272832, 173076673, 88654015, 261217411, 299754881, 43023207, 81751304, 94766920, 140028588, 144991852, 28643311, 387144497, 205456273, 463438299, 170717759}
240594842
	 {96270240, 361695333, 289601606, 144991852, 71883341, 140028588, 320086860, 156995415, 411732593, 134139278, 147392885, 98841974, 32457239, 151538712, 179778973}
159877154
	 {203636930, 145165507, 170618818, 100596485, 137780361, 226392522, 216484684, 320086860, 68649932, 229934447, 144991852, 147743250, 88543770, 409813690}
444105114
	 {142706714, 340710563, 381987652, 450129318, 366431689, 285689066, 144991852, 338324794, 243646959, 340466322, 330256723, 413767322, 326503260, 431542847}
32457239
	 {299754881, 145165507, 464648611, 289601606, 140028588, 144991852, 71883341, 320086860, 169642165, 147392885, 98841974, 151538712, 176366874, 240594842}
340466322
	 {219859173, 307705637, 285689066, 362583147, 144991852, 184735151, 240746064, 243646959, 330968114, 282379571, 317713588, 444105114, 167579228, 281242013}
167166900
	 {208782691, 142272708, 179324323, 197644008, 90327755, 144991852, 203338607, 249410130, 337258004, 490962517, 101470743, 208977496, 371920345, 269418845}
330968114
	 {399427136, 208782691, 432717092, 296598437, 450129318, 366431689, 144991852, 345379084, 459299056, 340466322, 187436214, 489934520, 326503260, 281242013}
139005319
	 {382470595, 100596485, 289601606, 372935913, 189927388, 320086860, 144991852, 150794707, 147392885, 38584695, 153052344, 238430108, 281426334, 170717759}
304252475
	 {250281120, 173076673, 119253540, 162284681, 306001161, 190955946, 144991852, 219262927, 343230448, 503055699, 159521878, 151798615, 169606649, 135201725}
156929783
	 {361756448, 178511712, 475701733, 296598437, 144991852, 160105422, 243646959, 184735151, 489934520, 303974868, 464354200, 243643924, 201628344, 233044607}
219150092
	 {95039425, 208225378, 285689066, 161637291, 144991852, 273842157, 298816558, 246009038, 179254576, 408777273, 142706714, 91984956, 278257597, 217738911}
28643311
	 {145165507, 98876195, 155329471, 151116904, 94766920, 144991852, 411732593, 132933301, 169642165, 118935129, 238430108, 121592605, 281426334, 88654015}
345379084
	 {399427136, 340710563, 381987652, 208782691, 179324323, 144991852, 179254576, 330968114, 144735090, 174712378, 150794707, 142706714, 431542847}
68649932
	 {351841824, 159877154, 100596485, 215447465, 226392522, 290235371, 144991852, 216484684, 229934447, 324963279, 147743250, 140428378, 172216284}
290235371
	 {351841824, 201431840, 100596485, 215447465, 144991852, 216484684, 279578970, 229934447, 68649932, 439863570, 267369304, 140428378, 172216284}
140428378
	 {351841824, 203636930, 170618818, 100596485, 398333701, 138831018, 226392522, 144991852, 216484684, 68649932, 229934447, 290235371, 409813690}
362583147
	 {219859173, 296598437, 366431689, 285689066, 144991852, 175519537, 340466322, 317713588, 187436214, 408777273, 174712378, 167579228, 281242013}
126905809
	 {351841824, 137147968, 119253540, 204371621, 220382791, 144991852, 140028588, 411732593, 337028021, 169606649, 256530650, 189927388, 322167006}
175519537
	 {399427136, 179324323, 432717092, 296598437, 230068197, 362583147, 144991852, 490962517, 187436214, 408777273, 142706714, 167579228, 281242013}
170618818
	 {351841824, 159877154, 203636930, 145165507, 100596485, 137780361, 226392522, 144991852, 216484684, 229934447, 147743250, 409813690, 140428378}
230068197
	 {432717092, 296598437, 366431689, 285689066, 144991852, 179254576, 175519537, 282379571, 187436214, 208977496, 338324794, 167579228, 281242013}
197507153
	 {254063652, 432717092, 442453893, 285689066, 221715191, 144991852, 161637291, 273842157, 179254576, 224341687, 208977496, 140523483}
88654015
	 {151116904, 94766920, 140028588, 144991852, 28643311, 411732593, 132933301, 156995415, 118935129, 238430108, 121592605, 281426334}
197278017
	 {178511712, 179324323, 168659813, 169627755, 179089100, 338324794, 99186798, 178169936, 249410130, 337258004, 135206871, 226206906}
330256723
	 {336423936, 340710563, 381987652, 307705637, 450129318, 366431689, 144991852, 444105114, 328518608, 317713588, 413767322, 431542847}
281426334
	 {88654015, 139005319, 94766920, 144991852, 134139278, 28643311, 411732593, 169642165, 153052344, 169606649, 189927388, 170717759}
158859838
	 {416810689, 253435170, 215018662, 159480938, 144991852, 191438861, 155282353, 245122354, 143305590, 151798615, 224086877, 155329471}
431542847
	 {340710563, 381987652, 366431689, 144991852, 345379084, 338324794, 444105114, 330256723, 337258004, 317713588, 413767322, 326503260}
144735090
	 {168659813, 90327755, 345379084, 135504205, 99186798, 144991852, 179254576, 217738911, 168520087, 185764088, 278257597, 233044607}
325902110
	 {137147968, 250281120, 98876195, 119253540, 94766920, 144991852, 140028588, 411732593, 169642165, 609835608, 121816123, 155329471}
215359305
	 {173076673, 203464419, 119253540, 190496677, 220382791, 159480938, 144991852, 147315829, 169642165, 337028021, 153052344, 169606649}
225855346
	 {329320418, 381987652, 450129318, 285689066, 144991852, 243646959, 515492441, 208977496, 408777273, 142706714, 140523483, 281242013}
215447465
	 {137780361, 152689194, 290235371, 68649932, 144991852, 229934447, 217431503, 147743250, 226854546, 207982809, 172216284, 155329471}
203636930
	 {159877154, 145165507, 170618818, 100596485, 137780361, 226392522, 144991852, 216484684, 437452432, 409813690, 140428378}
150794707
	 {119253540, 100596485, 139005319, 60065431, 110671655, 345379084, 144991852, 153658004, 147392885, 38584695, 153052344}
337028021
	 {119253540, 190496677, 215018662, 220382791, 215359305, 144991852, 126905809, 245122354, 169606649, 224086877, 57422783}
226206906
	 {178511712, 197278017, 168659813, 169627755, 179089100, 338324794, 178169936, 337258004, 135206871, 194579672, 174712378}
184833226
	 {361756448, 133714370, 329320418, 168659813, 285689066, 144991852, 179089100, 243646959, 243643924, 135206871, 217738911}
194579672
	 {361756448, 178511712, 168659813, 226206906, 169627755, 179089100, 178169936, 240746064, 243643924, 135206871, 174712378}
306001161
	 {173076673, 119253540, 137780361, 162284681, 144991852, 219262927, 343230448, 503055699, 159521878, 304252475, 135201725}
278257597
	 {208225378, 219150092, 144991852, 246009038, 179254576, 144735090, 371920345, 142706714, 91984956, 138089150, 217738911}
256000388
	 {95039425, 168659813, 179089100, 144991852, 243646959, 490962517, 208977496, 361497567, 140523483, 217738911}
155282353
	 {351841824, 215018662, 144991852, 191438861, 135201725, 245122354, 159521878, 151798615, 224086877, 158859838}
232272832
	 {416810689, 261217411, 81751304, 144991852, 217431503, 258548369, 245122354, 176306997, 118935129, 170717759}
147315829
	 {173076673, 203464419, 220382791, 215359305, 159480938, 92162921, 144991852, 245122354, 169642165, 169606649}
217431503
	 {232272832, 416810689, 372935913, 215447465, 144991852, 229934447, 153658004, 176306997, 92585502, 170717759}
245718687
	 {416810689, 137780361, 372935913, 135504205, 229934447, 245122354, 153658004, 267369304, 207982809, 57422783}
216733582
	 {95039425, 186359172, 168659813, 197644008, 144991852, 99186798, 179254576, 98841974, 167579228, 269418845}
133714370
	 {168520087, 208782691, 184833226, 144991852, 179089100, 99186798, 21877555, 221715191, 217738911}
336423936
	 {285689066, 161637291, 144991852, 459299056, 328518608, 330256723, 489934520, 413767322, 361497567}
151538712
	 {96270240, 144991852, 140028588, 71883341, 134139278, 98841974, 32457239, 240594842, 336072765}
179778973
	 {96270240, 159480938, 140028588, 144991852, 71883341, 98841974, 156995415, 71691001, 240594842}
413767322
	 {336423936, 340710563, 381987652, 144991852, 444105114, 330256723, 337258004, 338324794, 431542847}
238430108
	 {139005319, 144991852, 134139278, 28643311, 411732593, 156995415, 153052344, 499869950, 88654015}
96270240
	 {140028588, 144991852, 71883341, 98841974, 156995415, 151538712, 71691001, 240594842, 179778973}
343230448
	 {162284681, 306001161, 190955946, 144991852, 219262927, 503055699, 159521878, 304252475, 135201725}
191438861
	 {215018662, 162284681, 144991852, 287899153, 245122354, 155282353, 151798615, 158859838}
96126994
	 {173076673, 253435170, 119253540, 144991852, 219262927, 159521878, 135201725, 57422783}
336072765
	 {351841824, 416810689, 261217411, 372935913, 226392522, 229934447, 151538712, 170717759}
499869950
	 {164756482, 261217411, 94766920, 144991852, 411732593, 416277076, 156995415, 238430108}
71691001
	 {96270240, 299754881, 145165507, 140028588, 144991852, 98841974, 156995415, 179778973}
43023207
	 {299754881, 361695333, 140028588, 387144497, 245122354, 144158741, 118935129, 121592605}
261217411
	 {232272832, 145165507, 144991852, 118935129, 176366874, 336072765, 499869950, 170717759}
253435170
	 {119253540, 162284681, 190955946, 219262927, 96126994, 503055699, 135201725, 158859838}
64615775
	 {145165507, 100596485, 372935913, 144991852, 400901711, 147743250, 147392885, 57422783}
142272708
	 {179324323, 178169936, 179254576, 337258004, 490962517, 167166900, 135206871}
135504205
	 {329320418, 144991852, 170717759, 144735090, 153658004, 365589493, 245718687}
138089150
	 {95039425, 208225378, 144991852, 246009038, 490962517, 224341687, 278257597}
83356384
	 {351841824, 179324323, 226392522, 144991852, 216484684, 365589493, 409813690}
98876195
	 {94766920, 144991852, 28643311, 411732593, 503055699, 325902110, 155329471}
387144497
	 {43023207, 144991852, 320086860, 205456273, 118935129, 463438299, 201510237}
328518608
	 {336423936, 366431689, 144991852, 184735151, 330256723, 303974868, 489934520}
400901711
	 {289601606, 140028588, 144991852, 71883341, 147743250, 147392885, 64615775}
197644008
	 {144991852, 216733582, 249410130, 238871762, 167166900, 408777273, 167579228}
190496677
	 {119253540, 220382791, 215359305, 144991852, 219262927, 337028021, 169606649}
189927388
	 {250281120, 173076673, 139005319, 144991852, 411732593, 126905809, 281426334}
122261712
	 {209656485, 235573673, 144991852, 273842157, 222516726, 140523483}
121823511
	 {153373952, 437221217, 186359172, 144991852, 99186798, 168520087}
258548369
	 {232272832, 213146374, 144991852, 245122354, 78666584, 92585502}
133481230
	 {95039425, 144991852, 99186798, 203338607, 168520087, 91984956}
324963279
	 {398333701, 144991852, 68649932, 229934447, 147743250, 337258004}
153373952
	 {437221217, 186359172, 144991852, 99186798, 168520087, 121823511}
299754881
	 {361695333, 43023207, 118935129, 144158741, 32457239, 71691001}
437452432
	 {203636930, 100596485, 137780361, 216484684, 409813690, 57422783}
307705637
	 {381987652, 219859173, 450129318, 340466322, 330256723, 187436214}
44470100
	 {5416838, 144991852, 144158741, 78666584, 283518205, 153052344}
184697102
	 {416810689, 226392522, 216484684, 176306997, 409813690}
269418845
	 {144991852, 216733582, 246009038, 167166900, 142706714}
463438299
	 {416810689, 144991852, 287899153, 387144497, 118935129}
416277076
	 {372935913, 144991852, 147392885, 409813690, 499869950}
153713277
	 {95039425, 208225378, 144991852, 168520087, 371920345}
279788297
	 {144991852, 249065455, 329635763, 175478164, 169606649}
121592605
	 {43023207, 151116904, 144991852, 28643311, 88654015}
205456273
	 {144991852, 287899153, 387144497, 118935129, 201510237}
151116904
	 {144991852, 28643311, 411732593, 121592605, 88654015}
175478164
	 {372935913, 159480938, 279788297, 144991852, 249065455}
132933301
	 {144991852, 28643311, 179254576, 176366874, 88654015}
392148800
	 {329320418, 169627755, 243646959, 178169936, 174712378}
437221217
	 {153373952, 178511712, 144991852, 99186798, 121823511}
329635763
	 {279788297, 144991852, 153052344, 169606649, 176366874}
249065455
	 {372935913, 279788297, 144991852, 175478164, 207982809}
144158741
	 {299754881, 44470100, 361695333, 43023207}
256530650
	 {126905809, 145862556, 144991852, 99186798}
38584695
	 {153052344, 137780361, 150794707, 139005319}
235573673
	 {122261712, 144991852, 209656485, 442453893}
88543770
	 {144991852, 159877154, 320086860, 201510237}
201628344
	 {160443560, 144991852, 442453893, 156929783}
92162921
	 {169606649, 245122354, 144991852, 147315829}
203338607
	 {167166900, 144991852, 133481230, 168520087}
143305590
	 {144991852, 151798615, 158859838, 155329471}
250281120
	 {189927388, 304252475, 144991852, 325902110}
283518205
	 {147743250, 140028588, 100596485, 44470100}
81751304
	 {351841824, 118935129, 144991852, 232272832}
226854546
	 {207982809, 57422783, 215447465, 229934447}
60065431
	 {153052344, 144991852, 150794707, 119253540}
255993809
	 {407214602, 303974868, 144991852, 184735151}
322167006
	 {351841824, 126905809, 211421803}
464648611
	 {382470595, 320086860, 32457239}
407214602
	 {255993809, 144991852, 184735151}
152689194
	 {215447465, 144991852, 229934447}
211421803
	 {351841824, 416810689, 322167006}
209656485
	 {122261712, 235573673, 442453893}
213146374
	 {258548369, 144991852, 101470743}
176306997
	 {232272832, 184697102, 217431503}
222516726
	 {122261712, 144991852, 442453893}
92585502
	 {137780361, 258548369, 217431503}
71376759
	 {279578970, 145165507, 144991852}
137982380
	 {144991852, 85468287}
133333494
	 {145165507, 144991852}
246024696
	 {176366874, 144991852}
85468287
	 {137982380, 144991852}
160443560
	 {201628344, 144991852}
152470984
	 {144991852, 229934447}
110671655
	 {150794707, 144991852}
222343406
	 {140028588}
439863570
	 {290235371}
40860298
	 {245122354}
143200951
	 {503055699}
181617361
	 {144991852}
21877555
	 {133714370}
107225934
	 {78666584}
248353679
	 {249410130}
232432609
	 {144991852}
406690810
	 {144991852}
62956545
	 {144991852}
182559791
	 {90327755}
173538431
	 {144991852}
138831018
	 {140428378}
162815190
	 {416810689}
184567168
	 {351841824}
16455233
	 {144991852}
25325229
	 {144991852}
74569605
	 {179254576}
654636955
	 {144991852}
461514752
	 set()
638537832
	 set()
63623343
	 set()
173568345
	 set()
620985323
	 set()
597689786
	 set()
455815015
	 set()
101558227
	 set()
