4241
3332154
	 {336423936, 178022931, 132131348, 9052184, 219184157, 7335973, 110499369, 64121390, 366241345, 28785733, 170856519, 106459209, 642540624, 108361811, 7318616, 172508266, 193413231, 256817267, 11209849, 231808634, 26484347, 16409212, 30206078, 46104191, 260247681, 207613057, 538381955, 21438087, 377786517, 147372696, 134363296, 161694368, 37286568, 164086954, 365833901, 72748222, 309430463, 56405186, 89194693, 5019848, 156796106, 26999502, 73072847, 206691536, 96373458, 230853332, 234221788, 7391969, 321454820, 254090468, 16629480, 39942379, 169692915, 108562688, 317540108, 172078862, 69802772, 138475800, 511392024, 381781795, 327376680, 89900847, 179254576, 338324794, 147693889, 197278017, 386679108, 20312904, 39854416, 359293265, 181688144, 171995479, 15338335, 24758624, 366124895, 134350178, 10957667, 143356261, 168659813, 45458789, 144735090, 209305975, 144408440, 513245566, 553727367, 264473481, 216733582, 168520087, 33995680, 179324323, 445290411, 54854060, 153632684, 2046382, 448331695, 292932534, 18827192, 144032702, 28407745, 304100290, 81823681, 50642884, 564914641, 19624402, 103662547, 266471893, 166568412, 88054242, 30591465, 174513133, 138114541, 267186157, 290050035, 259488757, 170662390, 559949302, 267846649, 165032957, 190302206}
144991852
	 {336423936, 359713153, 153373952, 199443968, 329212552, 264473481, 216733582, 381985039, 133927441, 170103551, 170932244, 69802772, 193149973, 168520087, 121823511, 337258004, 163449370, 413767322, 195211155, 71560478, 214378913, 340710563, 254063652, 7335973, 179324323, 110499369, 161637291, 179254576, 49889970, 338324794, 174712378, 431542847, 187620159, 169212225, 133714370, 158027584, 381987652, 89194693, 28785733, 116905929, 179089100, 19624402, 16073431, 167579228, 250551394, 10957667, 475701733, 168659813, 16629480, 197644008, 39942379, 155086059, 272790637, 224282734, 99186798, 193413231, 363015408, 144735090, 188554603, 273842157, 172548857, 216427645, 30206078, 172231039}
16629480
	 {199443968, 206553607, 367778569, 264473481, 222339470, 4332943, 216733582, 133927441, 195211155, 337258004, 168520087, 147372696, 141016601, 157078171, 354257699, 179324323, 7335973, 37286568, 327376680, 31932715, 125157932, 222404140, 179254576, 49889970, 184157878, 190302206, 3332154, 338324794, 11209849, 366241345, 28407745, 18296132, 28785733, 81823681, 5019848, 106459209, 26616014, 135623759, 642540624, 230853332, 15338335, 7391969, 10957667, 135097956, 475701733, 218555366, 45458789, 188554603, 144991852, 174513133, 138114541, 199184239, 290050035, 172548857, 231808634, 16409212, 216427645, 30206078, 172231039}
19624402
	 {281417344, 216733582, 57707664, 383601557, 168520087, 19413527, 138475800, 19048858, 22888987, 650890264, 141016601, 54045982, 413767322, 13692066, 47282211, 464230691, 340710563, 179324323, 216548647, 318275624, 179254576, 49889970, 16468533, 138854582, 72366518, 292932534, 384707511, 3332154, 338324794, 85019196, 431542847, 158027584, 162882881, 81823681, 18296132, 89194693, 28785733, 26999502, 181688144, 359293265, 108361811, 230853332, 197962836, 185516375, 15338335, 270518754, 10957667, 197644008, 374228330, 144991852, 193413231, 18236271, 199184239, 144735090, 172548857}
193413231
	 {359713153, 367778569, 264473481, 317540108, 216733582, 133927441, 178022931, 69802772, 377786517, 337258004, 168520087, 138475800, 342500633, 141016601, 71560478, 214378913, 110499369, 245609515, 188466990, 356111407, 179254576, 49889970, 384707511, 3332154, 158027584, 133714370, 116905929, 179089100, 206691536, 240746064, 19624402, 230853332, 16073431, 171995479, 166568412, 10957667, 143356261, 168659813, 136152038, 192159590, 39942379, 188554603, 501768941, 144991852, 46104191, 144735090, 170662390, 144408440, 172548857, 170103551}
168520087
	 {153373952, 260247681, 359713153, 264473481, 222339470, 133927441, 170103551, 69802772, 152184339, 337258004, 121823511, 163449370, 71560478, 110499369, 188466990, 187306159, 179254576, 49889970, 138854582, 3332154, 174712378, 158027584, 133714370, 89194693, 382337737, 116905929, 104441804, 206691536, 19624402, 230853332, 10957667, 140453092, 168659813, 136152038, 254090468, 144872679, 16629480, 192159590, 39942379, 188554603, 144991852, 99186798, 193413231, 355644527, 159094254, 144735090, 273842157, 290050035, 172548857, 172231039}
230853332
	 {283497600, 207613057, 278363139, 206553607, 553727367, 264473481, 437012623, 357897617, 170932244, 132131348, 193149973, 168520087, 337258004, 363982616, 214378913, 47282211, 381781795, 333404454, 327376680, 31932715, 125157932, 356111407, 49889970, 292932534, 184157878, 3332154, 338324794, 170856519, 240746064, 359293265, 19624402, 197962836, 171995479, 167579228, 227658718, 15338335, 321454820, 254090468, 360096872, 16629480, 197644008, 174513133, 193413231, 144735090, 290050035, 231808634, 16409212, 216427645, 170103551}
179254576
	 {317540108, 259182093, 216733582, 151359506, 170103551, 148030995, 377786517, 337258004, 168520087, 280155160, 195211155, 163449370, 71560478, 214378913, 133046690, 340710563, 254063652, 7335973, 179324323, 161637291, 3332154, 174712378, 133248061, 169212225, 81823681, 381987652, 89194693, 28785733, 18296132, 344533709, 181688144, 359293265, 19624402, 197962836, 171995479, 168659813, 16629480, 39942379, 188554603, 272790637, 99186798, 193413231, 363015408, 144991852, 144735090, 273842157, 172548857, 231808634, 172231039}
338324794
	 {260247681, 206553607, 381985039, 133927441, 195211155, 337258004, 413767322, 404402592, 340710563, 179324323, 7335973, 325418916, 327376680, 153632684, 188466990, 356111407, 49889970, 184157878, 3332154, 431542847, 197278017, 381987652, 28785733, 18296132, 170856519, 325925960, 240746064, 359293265, 564914641, 19624402, 230853332, 197962836, 167579228, 15338335, 144872679, 360096872, 16629480, 188554603, 144991852, 166362605, 350475641, 231808634, 389404411, 283840766}
197962836
	 {283497600, 207613057, 199443968, 206553607, 553727367, 381985039, 337258004, 340710563, 179324323, 381781795, 327376680, 161637291, 153632684, 179254576, 72366518, 184157878, 338324794, 174712378, 381987652, 28785733, 179089100, 240746064, 359293265, 19624402, 230853332, 329667669, 185516375, 194579672, 167579228, 227658718, 321454820, 475701733, 254090468, 360096872, 188554603, 174513133, 166362605, 273842157, 290050035, 172548857, 231808634, 170103551}
39942379
	 {21438087, 17419528, 264473481, 69802772, 87973780, 168520087, 141016601, 94960417, 44683811, 7335973, 37286568, 110499369, 64121390, 179254576, 49889970, 18827192, 3332154, 147693889, 56405186, 20312904, 116905929, 135623759, 16073431, 7318616, 15338335, 7391969, 135097956, 168659813, 136152038, 92750695, 30591465, 144991852, 193413231, 169692915, 147308790, 11209849, 26484347, 16409212, 172231039}
336423936
	 {538381955, 179519365, 367778569, 495089017, 511392024, 332689688, 413767322, 325418916, 217520168, 161637291, 445290411, 365833901, 448331695, 348129338, 3332154, 30206078, 309430463, 407184459, 108361811, 328476123, 234221788, 366124895, 250551394, 164284515, 357730793, 354855146, 306793706, 144991852, 433401198, 483177839, 363015408, 256817267, 41040116, 259488757, 559949302, 209305975, 172548857, 267846649, 513245566}
7335973
	 {199443968, 21438087, 329212552, 17419528, 151359506, 161694368, 94960417, 44683811, 64121390, 179254576, 3332154, 338324794, 147693889, 56405186, 89194693, 18147398, 28785733, 266471893, 7318616, 30371038, 15338335, 24758624, 7391969, 16629480, 30591465, 39942379, 188554603, 138114541, 159094254, 144991852, 199184239, 169692915, 147308790, 11209849, 26484347, 165032957, 30206078, 172231039}
49889970
	 {538381955, 416637450, 222339470, 69802772, 168520087, 141016601, 71560478, 153632684, 64121390, 188466990, 72366518, 338324794, 158027584, 197278017, 133714370, 232152386, 81823681, 170856519, 5019848, 116905929, 240746064, 564914641, 19624402, 230853332, 102296661, 16073431, 10957667, 144872679, 360096872, 16629480, 197644008, 39942379, 144991852, 166362605, 193413231, 144735090, 6701055, 170103551}
144735090
	 {283497600, 416637450, 357897617, 168520087, 71560478, 325418916, 125157932, 356111407, 179254576, 187648562, 49889970, 3332154, 133248061, 169212225, 162882881, 333668935, 206691536, 359293265, 19624402, 230853332, 372327128, 267824351, 270518754, 320682466, 10957667, 168659813, 192159590, 188355048, 374228330, 144991852, 224282734, 99186798, 193413231, 18236271, 246758259, 172548857, 513245566}
337258004
	 {350475641, 259182093, 381985039, 133927441, 195211155, 295718420, 168520087, 280155160, 413767322, 340710563, 179324323, 327376680, 188466990, 179254576, 184157878, 174712378, 338324794, 431542847, 197278017, 28785733, 169173194, 240746064, 359293265, 197962836, 230853332, 171995479, 15338335, 10957667, 168659813, 144872679, 16629480, 188554603, 144991852, 193413231, 172548857, 389404411, 170103551}
325418916
	 {336423936, 419252609, 257063685, 416637450, 265887757, 539499282, 340710563, 327376680, 153632684, 365833901, 277817266, 258005560, 338324794, 431542847, 471416384, 386679108, 333668935, 338470985, 382337737, 108361811, 297494869, 302140631, 334235226, 209305975, 310267368, 357730793, 363015408, 144735090, 256817267, 41040116, 246758259, 259488757, 172431479, 360273394, 338370300, 513245566, 170103551}
513245566
	 {336423936, 538381955, 416637450, 271255313, 172431479, 511392024, 71560478, 325418916, 445290411, 365833901, 448331695, 277817266, 339416244, 3332154, 309430463, 386679108, 333668935, 144408440, 297494869, 372327128, 328476123, 234221788, 392973404, 366124895, 164284515, 310267368, 357730793, 433401198, 144735090, 256817267, 41040116, 246758259, 360273394, 209305975, 559949302, 267846649}
259488757
	 {336423936, 538381955, 367778569, 416637450, 222732940, 438656014, 332689688, 376641689, 568770979, 325418916, 217520168, 339298088, 164086954, 445290411, 153632684, 187648562, 277817266, 3332154, 309430463, 471416384, 158027584, 386679108, 382337737, 407184459, 225467980, 108361811, 330487253, 382637274, 234221788, 310267368, 357730793, 360273394, 256817267, 41040116, 209305975, 144408440}
15338335
	 {199443968, 21438087, 264473481, 350475641, 222732940, 216733582, 57707664, 133927441, 151359506, 195211155, 337258004, 147372696, 44683811, 340710563, 7335973, 179324323, 37286568, 64121390, 3332154, 338324794, 197278017, 5019848, 19624402, 103662547, 230853332, 7391969, 16629480, 30591465, 39942379, 199184239, 169692915, 170662390, 11209849, 16409212, 172231039}
28785733
	 {350475641, 283494282, 265887757, 259182093, 381985039, 195211155, 337258004, 280155160, 340710563, 354257699, 7335973, 179324323, 179254576, 174712378, 3332154, 338324794, 431542847, 558085825, 81823681, 18296132, 381987652, 106459209, 19624402, 197962836, 167579228, 7391969, 16629480, 188554603, 144991852, 172548857, 231808634, 189414907, 16409212, 170103551}
179089100
	 {246743425, 278363139, 553727367, 367778569, 259182093, 133927441, 152184339, 195211155, 342500633, 19048858, 157078171, 47282211, 245609515, 188466990, 356111407, 174712378, 158027584, 197278017, 133714370, 162882881, 169173194, 26999502, 197962836, 330487253, 185516375, 194579672, 166568412, 227658718, 168659813, 188554603, 144991852, 193413231, 172548857, 170103551}
170103551
	 {329212552, 264473481, 259182093, 133927441, 195211155, 337258004, 168520087, 280155160, 71560478, 340710563, 179324323, 325418916, 179254576, 49889970, 174712378, 158027584, 81823681, 133714370, 18296132, 28785733, 116905929, 179089100, 240746064, 359293265, 230853332, 197962836, 16073431, 168659813, 188554603, 144991852, 193413231, 172548857, 231808634}
168659813
	 {317540108, 216733582, 133927441, 152184339, 337258004, 195211155, 168520087, 138475800, 71560478, 187306159, 179254576, 119710129, 384707511, 3332154, 158027584, 197278017, 169173194, 179089100, 206691536, 16073431, 171995479, 194579672, 143356261, 192159590, 39942379, 188554603, 144991852, 224282734, 193413231, 144735090, 170662390, 172548857, 170103551}
166362605
	 {283497600, 206553607, 553727367, 283494282, 363982616, 47282211, 381781795, 333404454, 327376680, 245609515, 54854060, 188466990, 356111407, 49889970, 184157878, 338324794, 174712378, 304100290, 170856519, 325925960, 230204755, 197962836, 194579672, 167579228, 227658718, 321454820, 475701733, 254090468, 144872679, 188554603, 174513133, 290050035, 231808634}
231808634
	 {283497600, 207613057, 553727367, 363982616, 342500633, 340710563, 333404454, 212242731, 54854060, 179254576, 184157878, 3332154, 338324794, 174712378, 18296132, 28785733, 170856519, 240746064, 359293265, 230204755, 230853332, 197962836, 167579228, 321454820, 144872679, 360096872, 16629480, 174513133, 166362605, 273842157, 290050035, 172548857, 170103551}
216733582
	 {359713153, 135500683, 222732940, 266994833, 152184339, 377786517, 147372696, 71560478, 214378913, 47282211, 179254576, 3332154, 187620159, 106459209, 206691536, 163638225, 19624402, 271149017, 166568412, 167579228, 15338335, 140453092, 168659813, 136152038, 16629480, 197644008, 155086059, 144991852, 99186798, 193413231, 170662390, 144408440, 165032957}
240746064
	 {283497600, 206553607, 553727367, 133927441, 195211155, 337258004, 47282211, 333404454, 327376680, 188466990, 49889970, 184157878, 174712378, 338324794, 170856519, 325925960, 359293265, 197962836, 230853332, 194579672, 167579228, 227658718, 254090468, 321454820, 475701733, 188554603, 174513133, 193413231, 290050035, 231808634, 170103551}
10957667
	 {199443968, 264473481, 178022931, 337258004, 121823511, 168520087, 54045982, 49889970, 277817266, 292932534, 3332154, 158027584, 133714370, 89194693, 115485007, 19624402, 102296661, 302140631, 16629480, 188554603, 144991852, 224282734, 193413231, 199184239, 144735090, 256817267, 209305975, 389404411, 216427645, 190302206}
188554603
	 {283494282, 259182093, 133927441, 357897617, 195211155, 337258004, 168520087, 280155160, 179324323, 7335973, 161637291, 179254576, 338324794, 174712378, 28785733, 169173194, 179089100, 206691536, 240746064, 197962836, 227658718, 10957667, 168659813, 16629480, 144991852, 166362605, 193413231, 172548857, 189414907, 170103551}
553727367
	 {283497600, 246743425, 207613057, 206553607, 539499282, 148030995, 152184339, 47282211, 333404454, 327376680, 356111407, 184157878, 3332154, 304100290, 170856519, 179089100, 240746064, 359293265, 230853332, 197962836, 167579228, 227658718, 321454820, 475701733, 254090468, 360096872, 174513133, 166362605, 290050035, 231808634}
386679108
	 {416637450, 271255313, 332689688, 376641689, 568770979, 325418916, 217520168, 339298088, 164086954, 365833901, 277817266, 339416244, 3332154, 407184459, 458003665, 384660434, 108361811, 372327128, 382637274, 234221788, 392973404, 321454820, 192159590, 310267368, 357730793, 360273394, 259488757, 209305975, 513245566}
133927441
	 {367778569, 195211155, 337258004, 168520087, 342500633, 179324323, 245609515, 356111407, 338324794, 174712378, 158027584, 197278017, 169173194, 179089100, 240746064, 330487253, 194579672, 227658718, 15338335, 168659813, 360096872, 16629480, 188554603, 144991852, 193413231, 172431479, 172548857, 170103551}
16409212
	 {199443968, 278363139, 329212552, 264473481, 17419528, 437012623, 170932244, 193149973, 19413527, 44683811, 31932715, 125157932, 138854582, 3332154, 28785733, 105612359, 5019848, 135623759, 230853332, 244310231, 15338335, 135097956, 16629480, 30591465, 39942379, 11189101, 216427645, 172231039}
264473481
	 {199443968, 329212552, 69802772, 168520087, 31932715, 125157932, 138854582, 3332154, 133714370, 89194693, 105612359, 172231039, 116905929, 230853332, 16073431, 15338335, 10957667, 135097956, 192159590, 16629480, 39942379, 144991852, 138114541, 193413231, 199184239, 16409212, 216427645, 170103551}
174712378
	 {207613057, 259182093, 133927441, 195211155, 337258004, 168520087, 280155160, 214378913, 340710563, 179324323, 161637291, 245609515, 179254576, 28785733, 106459209, 179089100, 240746064, 197962836, 194579672, 167579228, 227658718, 188554603, 144991852, 166362605, 273842157, 172548857, 231808634, 170103551}
359293265
	 {283497600, 207613057, 206553607, 553727367, 337258004, 179324323, 327376680, 179254576, 292932534, 184157878, 338324794, 3332154, 240746064, 19624402, 230853332, 197962836, 185516375, 167579228, 321454820, 254090468, 360096872, 174513133, 144735090, 290050035, 231808634, 170103551}
340710563
	 {350475641, 265887757, 381985039, 151359506, 337258004, 515216406, 413767322, 214378913, 325418916, 522151845, 161637291, 179254576, 338324794, 174712378, 431542847, 381987652, 28785733, 19624402, 197962836, 15338335, 144872679, 144991852, 273842157, 172548857, 231808634, 170103551}
71560478
	 {416637450, 216733582, 266994833, 168520087, 163449370, 110499369, 179254576, 49889970, 133248061, 133714370, 89194693, 206691536, 163638225, 102296661, 16073431, 270518754, 140453092, 168659813, 136152038, 144991852, 224282734, 193413231, 144735090, 172548857, 513245566, 170103551}
167579228
	 {207613057, 206553607, 553727367, 216733582, 333404454, 327376680, 184157878, 292932534, 338324794, 174712378, 304100290, 18296132, 28785733, 240746064, 359293265, 197962836, 230853332, 227658718, 254090468, 321454820, 197644008, 144991852, 166362605, 174513133, 290050035, 231808634}
206691536
	 {317540108, 216733582, 377786517, 168520087, 138475800, 141016601, 71560478, 119710129, 384707511, 3332154, 89194693, 333668935, 171995479, 166568412, 227658718, 143356261, 168659813, 192159590, 188554603, 501768941, 224282734, 193413231, 144735090, 170662390, 46104191}
158027584
	 {60441615, 133927441, 195211155, 69802772, 168520087, 238265118, 159942063, 49889970, 169212225, 133714370, 382337737, 116905929, 225467980, 179089100, 153663440, 19624402, 16073431, 194579672, 227658718, 10957667, 168659813, 144991852, 193413231, 259488757, 170103551}
360096872
	 {283497600, 207613057, 206553607, 553727367, 133927441, 333404454, 327376680, 212242731, 54854060, 188466990, 356111407, 49889970, 184157878, 338324794, 304100290, 359293265, 230204755, 197962836, 230853332, 254090468, 321454820, 174513133, 290050035, 231808634}
309430463
	 {336423936, 538381955, 179519365, 293959054, 511392024, 445290411, 365833901, 448331695, 3332154, 407184459, 328476123, 234221788, 467643997, 366124895, 164284515, 263348585, 433401198, 256817267, 41040116, 259488757, 559949302, 267846649, 513245566}
227658718
	 {553727367, 60441615, 133927441, 342500633, 47282211, 333404454, 37286568, 187648562, 174712378, 158027584, 197278017, 162882881, 179089100, 206691536, 240746064, 153663440, 230853332, 197962836, 330487253, 194579672, 167579228, 188554603, 166362605}
290050035
	 {283497600, 207613057, 206553607, 553727367, 168520087, 47282211, 381781795, 327376680, 184157878, 3332154, 304100290, 240746064, 359293265, 197962836, 230853332, 167579228, 254090468, 321454820, 360096872, 16629480, 166362605, 174513133, 231808634}
234221788
	 {336423936, 538381955, 511392024, 445290411, 365833901, 448331695, 339416244, 3332154, 309430463, 386679108, 330487253, 328476123, 366124895, 164284515, 585887461, 310267368, 433401198, 246758259, 41040116, 259488757, 267846649, 513245566}
174513133
	 {206553607, 553727367, 47282211, 381781795, 327376680, 184157878, 3332154, 240746064, 359293265, 197962836, 230853332, 167579228, 250551394, 164284515, 254090468, 321454820, 360096872, 16629480, 354855146, 166362605, 290050035, 231808634}
280155160
	 {199443968, 179519365, 283494282, 265887757, 259182093, 151359506, 195211155, 337258004, 179324323, 179254576, 174712378, 162882881, 28407745, 18296132, 28785733, 381987652, 194579672, 218555366, 188554603, 199184239, 172548857, 170103551}
197278017
	 {207613057, 133927441, 337258004, 265227675, 47282211, 179324323, 327376680, 245609515, 49889970, 338324794, 3332154, 85019196, 325925960, 169173194, 179089100, 227658718, 15338335, 168659813, 99186798, 355644527, 165032957}
206553607
	 {553727367, 333404454, 327376680, 212242731, 184157878, 338324794, 170856519, 68579658, 240746064, 359293265, 197962836, 230853332, 167579228, 254090468, 321454820, 475701733, 360096872, 16629480, 166362605, 174513133, 290050035}
153632684
	 {283497600, 246743425, 265887757, 539499282, 334286610, 147372696, 238265118, 325418916, 49889970, 338324794, 3332154, 232152386, 382337737, 537131859, 197962836, 334235226, 144872679, 306793706, 407847157, 259488757, 389404411}
265887757
	 {381985039, 151359506, 295718420, 280155160, 413767322, 340710563, 179324323, 325418916, 153632684, 381987652, 28785733, 106459209, 338470985, 382337737, 108361811, 297494869, 321454820, 172431479, 350475641, 338370300}
138475800
	 {317540108, 152184339, 377786517, 47282211, 119710129, 384707511, 3332154, 206691536, 19624402, 171995479, 166568412, 254092125, 168659813, 501768941, 224282734, 193413231, 170662390, 144408440, 189414907, 273161215}
172231039
	 {329212552, 264473481, 193149973, 168520087, 7335973, 110499369, 125157932, 179254576, 138854582, 133714370, 105612359, 16073431, 15338335, 136152038, 16629480, 39942379, 144991852, 267186157, 16409212, 216427645}
133714370
	 {278363139, 264473481, 69802772, 168520087, 163449370, 71560478, 49889970, 158027584, 89194693, 172231039, 382337737, 179089100, 102296661, 10957667, 136152038, 144991852, 99186798, 193413231, 172548857, 170103551}
357730793
	 {336423936, 179519365, 332689688, 376641689, 568770979, 325418916, 217520168, 318275624, 339298088, 277817266, 386679108, 407184459, 302140631, 382637274, 366124895, 310267368, 256817267, 259488757, 209305975, 513245566}
7391969
	 {21438087, 17419528, 44683811, 7335973, 64121390, 3332154, 56405186, 28785733, 39854416, 7318616, 15338335, 24758624, 16629480, 30591465, 39942379, 138114541, 147308790, 11209849, 26484347, 46104191}
138114541
	 {139701251, 264473481, 134363296, 161694368, 133046690, 7335973, 89900847, 3332154, 35609019, 147693889, 73072847, 103662547, 266471893, 7391969, 16629480, 199184239, 107940724, 165032957, 190302206, 46104191}
199443968
	 {264473481, 151359506, 280155160, 161694368, 354257699, 7335973, 89900847, 26374457, 18296132, 68579658, 197962836, 7318616, 15338335, 10957667, 218555366, 16629480, 144991852, 199184239, 16409212, 190302206}
445290411
	 {336423936, 538381955, 179519365, 511392024, 318275624, 339298088, 365833901, 448331695, 3332154, 309430463, 234221788, 366124895, 197644008, 11189101, 256817267, 41040116, 259488757, 559949302, 267846649, 513245566}
89194693
	 {84710022, 264473481, 50228240, 168520087, 19048858, 71560478, 7335973, 179254576, 3332154, 85019196, 133714370, 85030597, 116905929, 206691536, 19624402, 170618076, 10957667, 194454116, 144991852}
381985039
	 {265887757, 337258004, 295718420, 413767322, 340710563, 338324794, 431542847, 381987652, 28785733, 338470985, 197962836, 585887461, 197644008, 354855146, 144991852, 483177839, 363015408, 350475641, 389404411}
511392024
	 {336423936, 538381955, 179519365, 217520168, 445290411, 365833901, 448331695, 3332154, 309430463, 328476123, 234221788, 366124895, 164284515, 433401198, 256817267, 41040116, 559949302, 267846649, 513245566}
171995479
	 {367778569, 317540108, 178022931, 337258004, 377786517, 138475800, 54854060, 179254576, 384707511, 3332154, 206691536, 230853332, 166568412, 143356261, 168659813, 501768941, 193413231, 170662390, 172548857}
416637450
	 {538381955, 438656014, 71560478, 325418916, 365833901, 49889970, 339416244, 386679108, 333668935, 564914641, 192159590, 310267368, 354855146, 483177839, 144735090, 246758259, 360273394, 259488757, 513245566}
192159590
	 {179519365, 264473481, 416637450, 427273229, 69802772, 168520087, 150536090, 187648562, 386679108, 333668935, 206691536, 16073431, 372327128, 168659813, 224282734, 193413231, 259738223, 355644527, 144735090}
448331695
	 {336423936, 538381955, 293959054, 511392024, 445290411, 365833901, 3332154, 309430463, 108361811, 328476123, 234221788, 366124895, 164284515, 433401198, 256817267, 41040116, 559949302, 267846649, 513245566}
333404454
	 {207613057, 47282211, 170856519, 206553607, 360096872, 553727367, 245609515, 212242731, 166362605, 240746064, 230204755, 230853332, 184157878, 251710294, 363982616, 231808634, 167579228, 227658718}
143356261
	 {47282211, 194454116, 168659813, 342500633, 333668935, 188355048, 367778569, 501768941, 193413231, 206691536, 119710129, 178022931, 377786517, 170662390, 171995479, 361951321, 3332154, 273161215}
267846649
	 {336423936, 164284515, 538381955, 179519365, 445290411, 365833901, 433401198, 448331695, 256817267, 41040116, 366124895, 511392024, 495089017, 3332154, 328476123, 234221788, 513245566, 309430463}
207613057
	 {283497600, 197278017, 321454820, 333404454, 170856519, 325925960, 360096872, 553727367, 363982616, 359293265, 290050035, 174712378, 197962836, 231808634, 184157878, 230853332, 3332154, 167579228}
365833901
	 {336423936, 538381955, 386679108, 325418916, 416637450, 445290411, 433401198, 448331695, 108361811, 256817267, 366124895, 511392024, 267846649, 3332154, 328476123, 234221788, 513245566, 309430463}
106459209
	 {28407745, 28785733, 37286568, 338470985, 16629480, 245609515, 265887757, 177956366, 216733582, 642540624, 267186157, 174712378, 69802772, 139849013, 330487253, 3332154, 219184157}
377786517
	 {194454116, 143356261, 367778569, 169173194, 317540108, 501768941, 224282734, 193413231, 206691536, 179254576, 216733582, 384707511, 170662390, 171995479, 138475800, 361951321, 3332154}
41040116
	 {336423936, 538381955, 568770979, 179519365, 325418916, 407184459, 445290411, 448331695, 539499282, 256817267, 259488757, 209305975, 511392024, 267846649, 234221788, 513245566, 309430463}
214378913
	 {340710563, 136152038, 197644008, 161637291, 144991852, 272790637, 216733582, 193413231, 179254576, 273842157, 333235154, 183235731, 230853332, 415953142, 209669334, 172548857, 174712378}
367778569
	 {336423936, 47282211, 143356261, 16629480, 179089100, 501768941, 317540108, 193413231, 133927441, 384707511, 178022931, 377786517, 259488757, 171995479, 170662390, 172548857, 273161215}
141016601
	 {94960417, 18147398, 79713830, 16629480, 116905929, 39942379, 177956366, 193413231, 206691536, 19624402, 49889970, 69802772, 103662547, 170662390, 384707511, 35609019, 111402557}
197644008
	 {214378913, 146892769, 445290411, 144991852, 272790637, 188466990, 355644527, 381985039, 216733582, 49889970, 148030995, 230853332, 303330253, 292932534, 163638225, 19624402, 167579228}
170856519
	 {207613057, 278363139, 333404454, 206553607, 325925960, 553727367, 338324794, 166362605, 188466990, 437012623, 240746064, 49889970, 230853332, 231808634, 363982616, 3332154}
108361811
	 {336423936, 471416384, 166473538, 419252609, 386679108, 325418916, 265887757, 365833901, 448331695, 642540624, 277817266, 19624402, 132131348, 259488757, 18827192, 3332154}
147372696
	 {169212225, 359713153, 140453092, 16629480, 155086059, 222732940, 153632684, 99186798, 216733582, 163638225, 151359506, 15338335, 144408440, 271149017, 3332154, 187620159}
283497600
	 {207613057, 254090468, 321454820, 553727367, 360096872, 327376680, 153632684, 166362605, 240746064, 359293265, 144735090, 290050035, 197962836, 230853332, 184157878, 231808634}
306793706
	 {336423936, 232152386, 212242731, 54854060, 528602571, 153632684, 357897617, 271255313, 537131859, 349752311, 334235226, 251710294, 172431479, 372327128, 382637274, 22888987}
110499369
	 {133046690, 88054242, 136152038, 39942379, 135500683, 155086059, 144991852, 193413231, 72366518, 168520087, 187476952, 169995446, 3332154, 133248061, 71560478, 172231039}
99186798
	 {153373952, 197278017, 359713153, 168520087, 140453092, 133714370, 222732940, 144991852, 216733582, 104441804, 179254576, 144735090, 121823511, 147372696, 30206078}
384707511
	 {168659813, 188355048, 367778569, 317540108, 193413231, 206691536, 19624402, 152184339, 377786517, 170662390, 171995479, 138475800, 141016601, 166568412, 273161215}
330487253
	 {47282211, 585887461, 106459209, 169173194, 164086954, 179089100, 119710129, 133927441, 360273394, 227658718, 259488757, 194579672, 342500633, 234221788, 283840766}
152184339
	 {246743425, 168659813, 553727367, 188355048, 179089100, 216733582, 119710129, 384707511, 256817267, 170662390, 168520087, 138475800, 271149017, 166568412, 273161215}
179519365
	 {336423936, 511392024, 538381955, 194454116, 192159590, 357730793, 445290411, 187648562, 41040116, 366124895, 559949302, 280155160, 267846649, 150536090, 309430463}
277817266
	 {471416384, 10957667, 386679108, 325418916, 357730793, 539499282, 108361811, 256817267, 259488757, 251710294, 302140631, 389404411, 219184157, 513245566, 209305975}
354855146
	 {336423936, 419252609, 18296132, 381987652, 522151845, 416637450, 174513133, 381985039, 363015408, 383601557, 432134454, 185516375, 372327128, 549214719}
166568412
	 {188355048, 179089100, 216733582, 193413231, 206691536, 384707511, 152184339, 170932244, 230204755, 170662390, 171995479, 138475800, 3332154, 170618076}
431542847
	 {340710563, 381987652, 28785733, 325418916, 144872679, 522151845, 144991852, 338324794, 381985039, 19624402, 295718420, 337258004, 350475641, 413767322}
37286568
	 {28407745, 5019848, 106459209, 16629480, 39942379, 19779930, 222339470, 115485007, 169692915, 170662390, 79867158, 3332154, 227658718, 15338335}
165032957
	 {134363296, 94960417, 147693889, 169212225, 197278017, 7335973, 138114541, 216733582, 73072847, 89900847, 103662547, 266471893, 3332154, 46104191}
515216406
	 {227035872, 250551394, 340710563, 381987652, 585887461, 619382147, 318275624, 259182093, 383601557, 432134454, 536679447, 585267166, 517498684, 538566078}
144872679
	 {340710563, 18296132, 381987652, 212242731, 338324794, 153632684, 166362605, 49889970, 337258004, 231808634, 168520087, 413767322, 157078171, 431542847}
366124895
	 {336423936, 538381955, 179519365, 357730793, 445290411, 365833901, 433401198, 448331695, 511392024, 267846649, 3332154, 234221788, 513245566, 309430463}
199184239
	 {199443968, 161694368, 28407745, 10957667, 178607333, 7335973, 16629480, 264473481, 138114541, 19624402, 280155160, 172548857, 190302206, 15338335}
81823681
	 {366241345, 179324323, 254063652, 28785733, 16629480, 273842157, 642540624, 179254576, 49889970, 19624402, 102296661, 172548857, 3332154, 170103551}
273842157
	 {214378913, 81823681, 340710563, 254063652, 18296132, 161637291, 144991852, 344533709, 179254576, 197962836, 231808634, 168520087, 172548857, 174712378}
338470985
	 {164284515, 538381955, 381987652, 325418916, 106459209, 538531818, 265887757, 381985039, 297494869, 383601557, 172431479, 19779930, 338370300}
164284515
	 {336423936, 250551394, 538381955, 338470985, 174513133, 433401198, 448331695, 511392024, 267846649, 328476123, 234221788, 513245566, 309430463}
161637291
	 {336423936, 214378913, 340710563, 254063652, 179324323, 188554603, 144991852, 272790637, 273842157, 179254576, 197962836, 172548857, 174712378}
292932534
	 {558085825, 270518754, 464230691, 10957667, 18296132, 197644008, 164086954, 359293265, 19624402, 357897617, 230853332, 3332154, 167579228}
103662547
	 {134363296, 94960417, 85030597, 79713830, 138114541, 89900847, 107940724, 15338335, 141016601, 3332154, 165032957, 30371038, 46104191}
356111407
	 {553727367, 360096872, 327376680, 245609515, 179089100, 338324794, 188466990, 193413231, 166362605, 133927441, 144735090, 230853332, 334235226}
216427645
	 {359713153, 10957667, 105612359, 16629480, 264473481, 144991852, 125157932, 151359506, 230853332, 121823511, 16409212, 238265118, 172231039}
194579672
	 {158027584, 168659813, 169173194, 179089100, 166362605, 240746064, 133927441, 197962836, 330487253, 280155160, 342500633, 174712378, 227658718}
413767322
	 {336423936, 340710563, 381987652, 144872679, 144991852, 265887757, 381985039, 151359506, 19624402, 337258004, 350475641, 338324794, 431542847}
188466990
	 {170856519, 360096872, 197644008, 323663752, 179089100, 166362605, 193413231, 240746064, 49889970, 337258004, 168520087, 172548857, 338324794}
144408440
	 {88054242, 136152038, 357730793, 147372696, 216733582, 193413231, 259488757, 138475800, 271149017, 3332154, 170618076, 133248061, 513245566}
116905929
	 {158027584, 89194693, 264473481, 16073431, 39942379, 144991852, 141016601, 193413231, 49889970, 69802772, 168520087, 172548857, 170103551}
224282734
	 {10957667, 168659813, 192159590, 144991852, 206691536, 187648562, 144735090, 377786517, 16073431, 138475800, 71560478, 273161215}
138854582
	 {16409212, 192337378, 135097956, 105612359, 264473481, 172508266, 115485007, 19624402, 168520087, 163449370, 121823511, 172231039}
121823511
	 {153373952, 80009725, 10957667, 140453092, 144991852, 104441804, 99186798, 303330253, 151359506, 138854582, 168520087, 216427645}
133046690
	 {147693889, 88054242, 136152038, 110499369, 135500683, 222732940, 138114541, 179254576, 169995446, 271149017, 163449370, 133248061}
568770979
	 {559987233, 386679108, 217520168, 310267368, 164086954, 407184459, 357730793, 256817267, 41040116, 259488757, 209305975, 19779930}
30591465
	 {7391969, 56405186, 44683811, 7335973, 39942379, 169692915, 147308790, 7318616, 11209849, 3332154, 16409212, 15338335}
333668935
	 {325418916, 257063685, 143356261, 192159590, 416637450, 427273229, 206691536, 271255313, 144735090, 246758259, 205442749, 513245566}
222732940
	 {359713153, 133046690, 136152038, 99186798, 187306159, 216733582, 187620159, 72366518, 259488757, 147372696, 271149017, 15338335}
372327128
	 {386679108, 192159590, 306793706, 354855146, 427273229, 259738223, 271255313, 187648562, 144735090, 339416244, 360273394, 513245566}
94960417
	 {147693889, 135097956, 7335973, 18147398, 39942379, 64121390, 159094254, 103662547, 107940724, 266471893, 141016601, 165032957}
407184459
	 {336423936, 568770979, 386679108, 555454663, 217520168, 310267368, 357730793, 256817267, 41040116, 259488757, 209305975, 309430463}
363015408
	 {336423936, 162882881, 18296132, 381987652, 325418916, 354855146, 144991852, 381985039, 179254576, 483177839, 172548857, 585267166}
357897617
	 {278363139, 267423428, 306793706, 188554603, 125157932, 437012623, 144735090, 537131859, 230853332, 193149973, 292932534, 363982616}
310267368
	 {568770979, 386679108, 325418916, 339298088, 357730793, 416637450, 407184459, 259488757, 209305975, 332689688, 234221788, 513245566}
360273394
	 {386679108, 325418916, 416637450, 427273229, 458003665, 271255313, 339416244, 330487253, 259488757, 372327128, 392973404, 513245566}
259182093
	 {278363139, 179324323, 28785733, 188554603, 179089100, 179254576, 195211155, 337258004, 515216406, 280155160, 174712378, 170103551}
46104191
	 {134363296, 7391969, 138114541, 73072847, 206691536, 193413231, 103662547, 107940724, 266471893, 170662390, 3332154, 165032957}
169692915
	 {44683811, 7335973, 18147398, 37286568, 5019848, 30591465, 39942379, 18827192, 11209849, 3332154, 7318616, 15338335}
389404411
	 {356130115, 10957667, 153632684, 381985039, 277817266, 256817267, 337258004, 407847157, 251710294, 302140631, 338324794, 209305975}
30206078
	 {336423936, 135097956, 7335973, 21438087, 16629480, 57666792, 144991852, 99186798, 159094254, 564914641, 3332154}
332689688
	 {336423936, 386679108, 339298088, 382637274, 310267368, 357730793, 259488757, 350462582, 209305975, 376641689, 348129338}
246743425
	 {47282211, 140453092, 475701733, 466095013, 553727367, 179089100, 153632684, 153663440, 334286610, 152184339, 143065716}
163449370
	 {168520087, 133046690, 133714370, 136152038, 105612359, 144991852, 179254576, 169995446, 138854582, 172548857, 71560478}
125157932
	 {105612359, 16629480, 264473481, 31932715, 437012623, 357897617, 144735090, 230853332, 16409212, 216427645, 172231039}
26999502
	 {6780898, 45458789, 92750695, 90008871, 179089100, 18236271, 19624402, 72366518, 185516375, 3332154, 157078171}
539499282
	 {47282211, 325418916, 475701733, 553727367, 153632684, 277817266, 256817267, 41040116, 209305975, 258005560, 495089017}
7318616
	 {199443968, 7391969, 44683811, 7335973, 17419528, 30591465, 39942379, 169692915, 147308790, 11209849, 3332154}
342500633
	 {143356261, 136115721, 169173194, 179089100, 193413231, 133927441, 246758259, 330487253, 194579672, 231808634, 227658718}
350475641
	 {340710563, 381987652, 28785733, 179324323, 338324794, 265887757, 381985039, 337258004, 15338335, 413767322, 431542847}
26484347
	 {24758624, 7391969, 56405186, 7335973, 18147398, 21438087, 39942379, 64121390, 18236271, 159094254, 3332154}
585887461
	 {619382147, 517498684, 381985039, 564148975, 564914641, 330487253, 432134454, 515216406, 234221788, 538566078, 549214719}
190302206
	 {161694368, 199443968, 366241345, 10957667, 265093, 220730984, 16629480, 138114541, 199184239, 642540624, 3332154}
18147398
	 {11209849, 94960417, 147693889, 7335973, 5019848, 169692915, 16073431, 18827192, 141016601, 26484347}
172431479
	 {419252609, 321454820, 325418916, 338470985, 382337737, 306793706, 265887757, 133927441, 338370300, 513245566}
5019848
	 {44683811, 18147398, 37286568, 16629480, 13843982, 49889970, 169692915, 3332154, 16409212, 15338335}
147693889
	 {94960417, 169212225, 133046690, 7335973, 18147398, 39942379, 138114541, 266471893, 3332154, 165032957}
169212225
	 {158027584, 147693889, 155086059, 144991852, 179254576, 163638225, 144735090, 102296661, 147372696, 165032957}
54854060
	 {360096872, 68579658, 306793706, 118889517, 166362605, 172078862, 230204755, 231808634, 171995479, 3332154}
178022931
	 {47282211, 10957667, 143356261, 367778569, 193413231, 170662390, 171995479, 271149017, 3332154, 273161215}
187648562
	 {270518754, 179519365, 192159590, 224282734, 259738223, 144735090, 259488757, 372327128, 150536090, 227658718}
501768941
	 {143356261, 367778569, 317540108, 193413231, 206691536, 377786517, 170662390, 171995479, 138475800, 361951321}
304100290
	 {254090468, 321454820, 553727367, 360096872, 166362605, 290050035, 184157878, 72366518, 3332154, 167579228}
133248061
	 {133046690, 88054242, 136152038, 17419528, 110499369, 179254576, 144735090, 144408440, 170618076, 71560478}
642540624
	 {28407745, 81823681, 45458789, 16629480, 106459209, 108361811, 132131348, 3332154, 219184157, 190302206}
250551394
	 {336423936, 164284515, 381987652, 619382147, 144991852, 174513133, 515216406, 536679447, 172548857, 460425306}
339416244
	 {386679108, 416637450, 427273229, 458003665, 358069009, 234221788, 360273394, 372327128, 392973404, 513245566}
140453092
	 {153373952, 246743425, 168520087, 104441804, 99186798, 216733582, 266994833, 121823511, 147372696, 71560478}
334235226
	 {281417344, 232152386, 325418916, 327376680, 306793706, 153632684, 356111407, 537131859, 302140631, 22888987}
21438087
	 {7391969, 56405186, 7335973, 39942379, 267186157, 64121390, 3332154, 26484347, 30206078, 15338335}
339298088
	 {386679108, 310267368, 357730793, 445290411, 11189101, 259488757, 209305975, 332689688, 376641689, 382637274}
28407745
	 {218555366, 37286568, 106459209, 16629480, 199184239, 642540624, 266994833, 229567890, 280155160, 3332154}
212242731
	 {333404454, 144872679, 360096872, 206553607, 306793706, 534169866, 528602571, 230204755, 231808634}
119710129
	 {168659813, 143356261, 188355048, 206691536, 152184339, 330487253, 170662390, 138475800, 219184157}
72366518
	 {304100290, 6780898, 110499369, 222732940, 26999502, 49889970, 19624402, 197962836, 185516375}
88054242
	 {133046690, 136152038, 110499369, 135500683, 187476952, 144408440, 3332154, 170618076, 133248061}
188355048
	 {143356261, 119710129, 144735090, 152184339, 170662390, 384707511, 64173590, 166568412, 219184157}
382337737
	 {158027584, 133714370, 325418916, 153632684, 265887757, 259488757, 168520087, 172431479, 238265118}
246758259
	 {325418916, 333668935, 416637450, 427273229, 144735090, 342500633, 234221788, 205442749, 513245566}
273161215
	 {47282211, 143356261, 367778569, 224282734, 178022931, 152184339, 170662390, 384707511, 138475800}
193149973
	 {278363139, 144991852, 437012623, 357897617, 170932244, 230853332, 244310231, 16409212, 172231039}
219184157
	 {54911457, 188355048, 106459209, 505893739, 642540624, 119710129, 277817266, 3332154, 134621917}
245609515
	 {197278017, 333404454, 106459209, 179089100, 166362605, 193413231, 356111407, 133927441, 174712378}
325925960
	 {207613057, 197278017, 475701733, 170856519, 327376680, 166362605, 240746064, 184157878, 338324794}
155086059
	 {169212225, 359713153, 110499369, 144991852, 216733582, 163638225, 147372696, 271149017, 187620159}
230204755
	 {333404454, 360096872, 534169866, 212242731, 54854060, 166362605, 172548857, 231808634, 166568412}
559949302
	 {336423936, 538381955, 179519365, 445290411, 448331695, 511392024, 3332154, 513245566, 309430463}
189414907
	 {179324323, 267423428, 28785733, 283494282, 188554603, 303330253, 251710294, 138475800, 141842811}
381781795
	 {254090468, 327376680, 166362605, 174513133, 290050035, 230853332, 197962836, 184157878, 3332154}
170932244
	 {278363139, 144991852, 437012623, 230853332, 193149973, 244310231, 166568412, 16409212}
19413527
	 {13692066, 218311400, 19048858, 19624402, 96373458, 348129338, 16409212, 85019196}
85019196
	 {197278017, 89194693, 218311400, 263308139, 96373458, 19624402, 19413527, 19048858}
18236271
	 {278383264, 354257699, 45458789, 90008871, 26999502, 19624402, 144735090, 26484347}
272790637
	 {214378913, 197644008, 161637291, 144991852, 179254576, 183235731, 209669334, 415953142}
302140631
	 {10957667, 325418916, 357730793, 277817266, 256817267, 209305975, 334235226, 389404411}
267824351
	 {229520803, 321454820, 267423428, 339105966, 159942063, 144735090, 180750681, 302430844}
17419528
	 {7391969, 44683811, 7335973, 39942379, 29058065, 7318616, 16409212, 133248061}
162882881
	 {464230691, 18296132, 179089100, 363015408, 19624402, 144735090, 280155160, 227658718}
232152386
	 {538381955, 306793706, 153632684, 438656014, 564914641, 49889970, 537131859, 334235226}
135097956
	 {94960417, 16629480, 264473481, 39942379, 135623759, 138854582, 16409212, 30206078}
363982616
	 {207613057, 333404454, 170856519, 166362605, 437012623, 357897617, 230853332, 231808634}
89900847
	 {199443968, 54911457, 134350178, 138114541, 103662547, 64333400, 3332154, 165032957}
376641689
	 {386679108, 339298088, 357730793, 438656014, 259488757, 332689688, 382637274}
134363296
	 {138114541, 73072847, 103662547, 266471893, 3332154, 165032957, 46104191}
244310231
	 {278363139, 475701733, 323663752, 31932715, 170932244, 193149973, 16409212}
297494869
	 {419252609, 325418916, 338470985, 538531818, 265887757, 258005560, 513245566}
549214719
	 {419252609, 585887461, 354855146, 564148975, 432134454, 517498684, 538566078}
194454116
	 {33995680, 89194693, 143356261, 179519365, 159942063, 148030995, 377786517}
238265118
	 {158027584, 382337737, 225467980, 153632684, 60441615, 355893500, 216427645}
383601557
	 {619382147, 381987652, 338470985, 354855146, 558186960, 19624402, 515216406}
303330253
	 {197644008, 104441804, 187306159, 151359506, 64173590, 121823511, 189414907}
427273229
	 {192159590, 333668935, 271255313, 360273394, 246758259, 339416244, 372327128}
105612359
	 {264473481, 125157932, 138854582, 163449370, 16409212, 216427645, 172231039}
102296661
	 {169212225, 133714370, 10957667, 81823681, 115485007, 49889970, 71560478}
164086954
	 {568770979, 386679108, 169173194, 259488757, 292932534, 330487253, 3332154}
153373952
	 {140453092, 144991852, 104441804, 99186798, 168520087, 121823511, 80009725}
45458789
	 {16629480, 26999502, 18236271, 642540624, 185516375, 3332154, 157078171}
619382147
	 {250551394, 585887461, 383601557, 515216406, 536679447, 432134454, 302430844}
18827192
	 {56405186, 18147398, 39942379, 108361811, 169692915, 11209849, 3332154}
104441804
	 {153373952, 168520087, 140453092, 303330253, 99186798, 151359506, 121823511}
348129338
	 {336423936, 263308139, 250437300, 19413527, 332689688, 19048858}
73072847
	 {134363296, 138114541, 107940724, 3332154, 165032957, 46104191}
31932715
	 {16629480, 264473481, 125157932, 230853332, 244310231, 16409212}
419252609
	 {325418916, 354855146, 108361811, 297494869, 172431479, 549214719}
157078171
	 {45458789, 144872679, 16629480, 179089100, 26999502, 185516375}
161694368
	 {199443968, 7335973, 138114541, 199184239, 3332154, 190302206}
163638225
	 {169212225, 197644008, 155086059, 216733582, 147372696, 71560478}
438656014
	 {232152386, 538381955, 416637450, 564914641, 259488757, 376641689}
170618076
	 {88054242, 89194693, 84710022, 144408440, 166568412, 133248061}
159094254
	 {94960417, 7335973, 64121390, 168520087, 26484347, 30206078}
295718420
	 {381987652, 136115721, 265887757, 381985039, 337258004, 431542847}
267423428
	 {229520803, 339105966, 357897617, 189414907, 302430844, 267824351}
338370300
	 {179324323, 47282211, 325418916, 338470985, 265887757, 172431479}
318275624
	 {357730793, 445290411, 11189101, 19624402, 515216406}
339105966
	 {229520803, 267423428, 180750681, 302430844, 267824351}
187306159
	 {47282211, 168659813, 222732940, 303330253, 168520087}
115485007
	 {10957667, 37286568, 102296661, 170662390, 138854582}
270518754
	 {19624402, 187648562, 144735090, 292932534, 71560478}
350274033
	 {178607333, 555454663, 315562219, 537131859, 250437300}
132131348
	 {642540624, 108361811, 230853332, 3332154, 6701055}
350462582
	 {491859320, 263308139, 406364844, 332689688, 495089017}
302430844
	 {619382147, 267423428, 229520803, 339105966, 267824351}
329212552
	 {7335973, 144991852, 170103551, 16409212, 172231039}
107940724
	 {94960417, 138114541, 73072847, 103662547, 46104191}
33995680
	 {194454116, 60441615, 199599122, 3332154, 392087324}
218555366
	 {199443968, 28407745, 178607333, 16629480, 280155160}
392973404
	 {386679108, 458003665, 360273394, 339416244, 513245566}
355644527
	 {197278017, 146892769, 192159590, 197644008, 168520087}
458003665
	 {386679108, 475701733, 360273394, 339416244, 392973404}
30371038
	 {24758624, 85030597, 7335973, 57666792, 103662547}
495089017
	 {336423936, 471416384, 539499282, 350462582, 267846649}
293959054
	 {356130115, 263348585, 448331695, 467643997, 309430463}
148030995
	 {146892769, 194454116, 553727367, 197644008, 179254576}
225467980
	 {158027584, 60441615, 259488757, 355893500, 238265118}
517498684
	 {585887461, 432134454, 515216406, 574385049, 549214719}
315562219
	 {350274033, 250437300, 178607333, 579530990}
407847157
	 {564914641, 389404411, 153632684, 579530990}
464230691
	 {162882881, 558085825, 19624402, 292932534}
222339470
	 {37286568, 49889970, 16629480, 168520087}
54911457
	 {64333400, 134350178, 219184157, 89900847}
22888987
	 {327376680, 19624402, 334235226, 306793706}
259738223
	 {372327128, 187648562, 192159590, 150536090}
96373458
	 {3332154, 19413527, 85019196, 19048858}
354257699
	 {199443968, 16629480, 28785733, 18236271}
263308139
	 {348129338, 85019196, 350462582, 19048858}
11189101
	 {318275624, 339298088, 445290411, 16409212}
50228240
	 {229567890, 89194693, 64173590, 90008871}
172508266
	 {3332154, 537131859, 14760077, 138854582}
266994833
	 {28407745, 216733582, 140453092, 71560478}
169995446
	 {108562688, 110499369, 133046690, 163449370}
356130115
	 {263348585, 389404411, 467643997, 293959054}
134350178
	 {64333400, 54911457, 3332154, 89900847}
483177839
	 {336423936, 416637450, 363015408, 381985039}
229567890
	 {50228240, 28407745, 267186157, 64173590}
159942063
	 {158027584, 320682466, 194454116, 267824351}
538566078
	 {432134454, 585887461, 515216406, 549214719}
64173590
	 {188355048, 50228240, 229567890, 303330253}
467643997
	 {263348585, 356130115, 293959054, 309430463}
558085825
	 {464230691, 18296132, 28785733, 292932534}
85030597
	 {30371038, 103662547, 89194693, 80483070}
150536090
	 {187648562, 179519365, 192159590, 259738223}
153663440
	 {158027584, 246743425, 227658718, 60441615}
260247681
	 {3332154, 338324794, 168520087}
579530990
	 {564914641, 315562219, 407847157}
19779930
	 {37286568, 338470985, 568770979}
35609019
	 {141016601, 138114541, 111402557}
539411067
	 {384660434, 68579658, 535433646}
254092125
	 {64333400, 96706649, 138475800}
505893739
	 {195211155, 219184157, 251710294}
187476952
	 {110499369, 88054242, 135500683}
72748222
	 {39854416, 3332154, 16073431}
209669334
	 {214378913, 183235731, 272790637}
57666792
	 {30371038, 30206078, 16073431}
90008871
	 {50228240, 26999502, 18236271}
139849013
	 {106459209, 78085810, 143065716}
4332943
	 {16629480, 26616014, 13610254}
528602571
	 {382637274, 212242731, 306793706}
79713830
	 {141016601, 139701251, 103662547}
111402557
	 {141016601, 41929522, 35609019}
250437300
	 {350274033, 348129338, 315562219}
181688144
	 {179254576, 19624402, 3332154}
146892769
	 {197644008, 148030995, 355644527}
555454663
	 {350274033, 407184459}
26616014
	 {16629480, 4332943}
415953142
	 {214378913, 272790637}
355893500
	 {225467980, 238265118}
108562688
	 {3332154, 169995446}
141842811
	 {189414907, 321454820}
403509651
	 {574385049, 251710294}
80009725
	 {153373952, 121823511}
559987233
	 {320682466, 568770979}
143065716
	 {246743425, 139849013}
84710022
	 {170618076, 89194693}
134621917
	 {64333400, 219184157}
218311400
	 {85019196, 19413527}
564148975
	 {585887461, 549214719}
80483070
	 {39854416, 85030597}
257063685
	 {325418916, 333668935}
358069009
	 {19048858, 339416244}
139701251
	 {138114541, 79713830}
57707664
	 {19624402, 15338335}
13610254
	 {26412077, 4332943}
54045982
	 {19624402, 10957667}
374228330
	 {19624402, 144735090}
136115721
	 {342500633, 295718420}
177956366
	 {106459209, 141016601}
281417344
	 {19624402, 334235226}
205442749
	 {246758259, 333668935}
172078862
	 {3332154, 54854060}
334286610
	 {246743425, 153632684}
585267166
	 {363015408, 515216406}
6701055
	 {49889970, 132131348}
96706649
	 {254092125}
460425306
	 {250551394}
14760077
	 {172508266}
404402592
	 {338324794}
558186960
	 {383601557}
481518166
	 {564914641}
161309320
	 {3661750}
227035872
	 {515216406}
78156597
	 {64333400}
466095013
	 {246743425}
15430600
	 {54178372}
333235154
	 {214378913}
349752311
	 {306793706}
29058065
	 {17419528}
117480463
	 {178607333}
199599122
	 {60441615}
650890264
	 {19624402}
26412077
	 {13610254}
118889517
	 {54854060}
328043600
	 {320682466}
329667669
	 {197962836}
136727714
	 {265093}
156796106
	 {3332154}
79867158
	 {37286568}
362165558
	 {30275064}
491859320
	 {350462582}
265227675
	 {197278017}
595346895
	 {422759897}
422759897
	 {595346895}
192337378
	 {138854582}
30275064
	 {362165558}
13843982
	 {5019848}
222404140
	 {16629480}
78085810
	 {139849013}
345329391
	 {291298661}
392087324
	 {33995680}
166473538
	 {108361811}
87973780
	 {39942379}
3661750
	 {161309320}
7137285
	 set()
211130443
	 set()
142469201
	 set()
185649238
	 set()
64309377
	 set()
163182768
	 set()
70310112
	 set()
517411059
	 set()
440348941
	 set()
387887407
	 set()
545415486
	 set()
111472972
	 set()
394912087
	 set()
344193381
	 set()
57901442
	 set()
269556097
	 set()
637272581
	 set()
205640204
	 set()
612551215
	 set()
65139249
	 set()
307403328
	 set()
314231369
	 set()
272327252
	 set()
534334061
	 set()
654047853
	 set()
95429279
	 set()
124889765
	 set()
21217975
	 set()
965308
	 set()
171963076
	 set()
1696456
	 set()
73042652
	 set()
396512063
	 set()
80878405
	 set()
22502231
	 set()
167883693
	 set()
649003976
	 set()
267348954
	 set()
527451133
	 set()
468595748
	 set()
476566599
	 set()
470199388
	 set()
289563820
	 set()
305982659
	 set()
332655819
	 set()
90258656
	 set()
66321651
	 set()
155389174
	 set()
18355480
	 set()
277875993
	 set()
20270382
	 set()
141688115
	 set()
431846757
	 set()
72328583
	 set()
381144464
	 set()
339281316
	 set()
40471983
	 set()
47066579
	 set()
26379789
	 set()
706156105
	 set()
565499523
	 set()
620705418
	 set()
483976851
	 set()
68910745
	 set()
71179962
	 set()
155928258
	 set()
16135884
	 set()
318623445
	 set()
39227111
	 set()
457207528
	 set()
65662731
	 set()
511801103
	 set()
89579309
	 set()
272088882
	 set()
444897074
	 set()
179568472
	 set()
387323767
	 set()
317396879
	 set()
35477484
	 set()
