1069
225855346
	 {406358530, 159601172, 465818645, 266199060, 142706714, 430425664, 461975619, 144441426, 208977496, 515492441, 470401627, 263085156, 408346728, 144991852, 101254254, 214149237, 286635640, 545927805, 487938692, 206560394, 465583243, 248360080, 307768981, 22366878, 294925990, 299123371, 291262139, 150540988, 322055356, 567045314, 10700490, 232150730, 217468639, 473112806, 394030314, 373609710, 313885939, 125193463, 172548857, 340868347, 312040711, 299658508, 501860621, 85218582, 393066268, 193426206, 244629281, 411073829, 167956263, 364406574, 68347191, 117209913, 205558585, 381987652, 38682437, 295268172, 312368466, 275158867, 137190741, 527631191, 276916597, 305571189, 561563516, 348130186, 281242013, 450129318, 265201582, 450468279, 437737411, 281716166, 215827411, 101379540, 295227353, 140523483, 422526940, 482712539, 415057888, 428939232, 508048360, 345806829, 243646959, 452253685, 564414455, 269347832}
144991852
	 {146460297, 340466322, 266199060, 142706714, 281242013, 193426206, 244629281, 110499369, 330968114, 484373812, 222129333, 251077430, 224341687, 163055161, 150540988, 431542847, 95039425, 381987652, 281716166, 366431689, 330256723, 215827411, 135206871, 208977496, 515492441, 295227353, 493963735, 326503260, 140523483, 219859173, 516983659, 243646959, 254776433, 225855346, 452253685, 172548857}
493963735
	 {206560394, 299658508, 340466322, 156543767, 142706714, 281242013, 193426206, 244629281, 450129318, 330968114, 484373812, 251077430, 224341687, 163055161, 430425664, 95039425, 366431689, 372966356, 135206871, 208977496, 140523483, 326503260, 415057888, 219859173, 144991852, 243646959, 452253685, 172548857}
142706714
	 {146460297, 299658508, 159601172, 244629281, 484373812, 450468279, 224341687, 163055161, 430425664, 95039425, 281716166, 366431689, 144441426, 215827411, 372966356, 137190741, 493963735, 208977496, 140523483, 326503260, 415057888, 144991852, 243646959, 254776433, 225855346, 452253685, 172548857}
345806829
	 {501860621, 373684497, 258830488, 150536090, 341422368, 450468279, 205558585, 291262139, 494876225, 295268172, 335258960, 312368466, 293066712, 470401627, 559319777, 256208230, 373609710, 225855346, 313885939, 214149237, 305571189, 564414455, 561563516, 545927805}
208977496
	 {156543767, 142706714, 281242013, 244629281, 484373812, 450468279, 224341687, 163055161, 95039425, 281716166, 144441426, 215827411, 372966356, 137190741, 135206871, 493963735, 515492441, 140523483, 144991852, 243646959, 225855346, 452253685, 172548857}
140523483
	 {156543767, 142706714, 244629281, 484373812, 224341687, 163055161, 95039425, 281716166, 372966356, 137190741, 493963735, 208977496, 515492441, 144991852, 243646959, 254776433, 225855346, 452253685, 172548857}
224341687
	 {430425664, 244629281, 450468279, 95039425, 493963735, 281716166, 140523483, 144991852, 144441426, 215827411, 484373812, 172548857, 137190741, 156543767, 208977496, 163055161, 142706714, 372966356}
452253685
	 {493963735, 381987652, 219859173, 450129318, 144991852, 243646959, 254776433, 340466322, 225855346, 484373812, 172548857, 251077430, 135206871, 208977496, 163055161, 142706714, 140523483, 281242013}
430425664
	 {450468279, 493963735, 381987652, 281716166, 366431689, 156543767, 330968114, 330256723, 225855346, 137190741, 251077430, 224341687, 172548857, 142706714, 322055356, 281242013, 431542847}
244629281
	 {95039425, 493963735, 281716166, 140523483, 110499369, 144991852, 254776433, 225855346, 266199060, 172548857, 484373812, 224341687, 208977496, 163055161, 142706714, 137190741, 372966356}
484373812
	 {244629281, 493963735, 219859173, 144991852, 144441426, 215827411, 372966356, 173675989, 135206871, 224341687, 208977496, 172548857, 142706714, 140523483, 452253685, 281242013}
281242013
	 {430425664, 493963735, 219859173, 450129318, 366431689, 144991852, 286635640, 330968114, 340466322, 484373812, 222129333, 251077430, 225855346, 208977496, 172548857, 452253685}
450468279
	 {430425664, 437737411, 381987652, 286635640, 345806829, 527631191, 243646959, 144441426, 225855346, 215827411, 224341687, 208977496, 172548857, 142706714, 326503260, 431542847}
366431689
	 {430425664, 381987652, 219859173, 450129318, 144991852, 243646959, 330968114, 330256723, 251077430, 493963735, 286635640, 172548857, 142706714, 326503260, 281242013, 431542847}
482712539
	 {494876225, 567045314, 461975619, 487938692, 515433447, 508048360, 394030314, 465583243, 348130186, 501860621, 373609710, 312368466, 225855346, 564414455, 527631191, 537276952}
465818645
	 {250889600, 487938692, 294925990, 408346728, 394030314, 465583243, 225855346, 562823795, 498227763, 307768981, 308859541, 527631191, 305571189, 544513084, 545927805}
163055161
	 {244629281, 95039425, 493963735, 144991852, 156543767, 254776433, 266199060, 137190741, 372966356, 224341687, 208977496, 172548857, 142706714, 140523483, 452253685}
243646959
	 {493963735, 381987652, 366431689, 144991852, 299658508, 340466322, 225855346, 215827411, 135206871, 452253685, 450468279, 208977496, 172548857, 142706714, 140523483}
461975619
	 {494876225, 386663395, 294925990, 206202214, 515433447, 248360080, 225855346, 275158867, 293066712, 537276952, 354604697, 482712539, 544513084, 258830488}
286635640
	 {381987652, 450129318, 366431689, 206560394, 299658508, 255107055, 225855346, 251077430, 450468279, 172548857, 295227353, 281242013, 193426206, 431542847}
137190741
	 {430425664, 244629281, 95039425, 140523483, 110499369, 146460297, 225855346, 172548857, 224341687, 208977496, 163055161, 142706714, 125193463, 150540988}
295227353
	 {415057888, 381987652, 219859173, 307705637, 487149129, 206560394, 144991852, 299658508, 340466322, 330256723, 225855346, 228791186, 286635640, 172548857}
487938692
	 {341422368, 294925990, 482712539, 408346728, 394030314, 225855346, 562823795, 559588275, 308859541, 465818645, 527631191, 340868347, 545927805}
219859173
	 {415057888, 307705637, 450129318, 366431689, 206560394, 144991852, 299658508, 340466322, 484373812, 452253685, 493963735, 295227353, 281242013}
394030314
	 {487938692, 294925990, 455149255, 508048360, 465583243, 373609710, 312368466, 225855346, 559588275, 465818645, 307768981, 482712539, 561563516}
494876225
	 {461975619, 386663395, 294925990, 206202214, 482712539, 515433447, 345806829, 248360080, 293066712, 537276952, 470401627, 258830488}
465583243
	 {406358530, 263085156, 508048360, 394030314, 373609710, 312368466, 225855346, 559588275, 465818645, 187969210, 482712539, 544513084}
251077430
	 {430425664, 450129318, 366431689, 144991852, 330968114, 330256723, 372966356, 452253685, 493963735, 286635640, 326503260, 281242013}
281716166
	 {430425664, 244629281, 144991852, 156543767, 225855346, 135206871, 172548857, 224341687, 208977496, 515492441, 142706714, 140523483}
215827411
	 {450468279, 144991852, 243646959, 144441426, 225855346, 484373812, 372966356, 224341687, 208977496, 172548857, 142706714, 217468639}
372966356
	 {244629281, 493963735, 140523483, 215827411, 484373812, 222129333, 172548857, 224341687, 208977496, 163055161, 142706714, 251077430}
545927805
	 {250889600, 487938692, 294925990, 408346728, 345806829, 312368466, 562823795, 225855346, 465818645, 308859541, 305571189}
340466322
	 {219859173, 307705637, 206560394, 299658508, 144991852, 243646959, 330968114, 452253685, 493963735, 295227353, 281242013}
308859541
	 {386663395, 487938692, 413674661, 294925990, 411073829, 562823795, 275158867, 465818645, 305571189, 561563516, 545927805}
373609710
	 {567045314, 508048360, 394030314, 465583243, 348130186, 345806829, 312368466, 225855346, 564414455, 536725146, 482712539}
340868347
	 {406358530, 487938692, 294925990, 411184715, 295268172, 527631191, 225855346, 214149237, 205558585, 354604697, 470401627}
330256723
	 {430425664, 381987652, 307705637, 450129318, 366431689, 144991852, 299658508, 251077430, 172548857, 295227353, 431542847}
330968114
	 {430425664, 450129318, 366431689, 144991852, 340466322, 222129333, 251077430, 493963735, 326503260, 281242013}
206560394
	 {415057888, 307705637, 219859173, 299658508, 340466322, 225855346, 228791186, 493963735, 286635640, 295227353}
354604697
	 {341422368, 406358530, 461975619, 553312903, 411184715, 559588275, 565406356, 187969210, 340868347, 422526940}
313885939
	 {428939232, 263085156, 232150730, 299123371, 501860621, 265201582, 345806829, 373684497, 225855346, 276916597}
501860621
	 {567045314, 553312903, 422526940, 345806829, 225855346, 313885939, 305571189, 527631191, 482712539, 561563516}
527631191
	 {487938692, 482712539, 553312903, 411184715, 501860621, 225855346, 465818645, 450468279, 187969210, 340868347}
135206871
	 {381987652, 281716166, 348130186, 144991852, 243646959, 484373812, 452253685, 493963735, 208977496, 172548857}
431542847
	 {430425664, 381987652, 366431689, 144991852, 299658508, 330256723, 450468279, 286635640, 326503260}
254776433
	 {244629281, 95039425, 144991852, 172548857, 452253685, 156543767, 163055161, 142706714, 140523483}
156543767
	 {430425664, 493963735, 281716166, 254776433, 172548857, 224341687, 208977496, 163055161, 140523483}
307705637
	 {381987652, 219859173, 450129318, 206560394, 299658508, 340466322, 228791186, 330256723, 295227353}
561563516
	 {553312903, 394030314, 501860621, 345806829, 225855346, 559588275, 308859541, 187969210, 422526940}
293066712
	 {494876225, 461975619, 386663395, 488503772, 345806829, 258830488, 470401627, 544513084, 523584285}
110499369
	 {244629281, 95039425, 146460297, 144991852, 255107055, 159601172, 137190741, 85218582}
411184715
	 {406358530, 559588275, 565406356, 527631191, 354604697, 187969210, 340868347, 422526940}
530901642
	 {552937024, 355888295, 551547249, 473559224, 333480634, 543310363, 530888765, 508350330}
341422368
	 {406358530, 487938692, 553312903, 345806829, 559588275, 354604697, 544513084, 530888765}
265201582
	 {428939232, 263085156, 256208230, 232150730, 373684497, 225855346, 313885939, 269347832}
422526940
	 {406358530, 411184715, 501860621, 225855346, 565406356, 354604697, 508350330, 561563516}
386663395
	 {494876225, 461975619, 413674661, 206202214, 515433447, 308859541, 293066712, 544513084}
144441426
	 {450468279, 225855346, 484373812, 224341687, 208977496, 172548857, 142706714}
470401627
	 {494876225, 413674661, 294925990, 345806829, 225855346, 293066712, 340868347}
263085156
	 {428939232, 232150730, 465583243, 265201582, 225855346, 313885939, 269347832}
214149237
	 {256208230, 295268172, 345806829, 225855346, 205558585, 150536090, 340868347}
258830488
	 {494876225, 461975619, 206202214, 345806829, 335258960, 293066712, 523584285}
205558585
	 {256208230, 295268172, 345806829, 225855346, 214149237, 150536090, 340868347}
295268172
	 {256208230, 345806829, 225855346, 214149237, 205558585, 150536090, 340868347}
206202214
	 {494876225, 461975619, 386663395, 411073829, 515433447, 537276952, 258830488}
508350330
	 {552937024, 530901642, 551547249, 473559224, 333480634, 422526940, 530888765}
348130186
	 {508048360, 373609710, 225855346, 312368466, 564414455, 135206871, 482712539}
415057888
	 {219859173, 206560394, 299658508, 225855346, 493963735, 295227353, 142706714}
564414455
	 {567045314, 348130186, 345806829, 373609710, 225855346, 312368466, 482712539}
248360080
	 {494876225, 461975619, 413674661, 294925990, 225855346, 275158867}
187969210
	 {411184715, 465583243, 559588275, 527631191, 354604697, 561563516}
232150730
	 {263085156, 265201582, 225855346, 313885939, 276916597, 291262139}
373684497
	 {428939232, 294925990, 345806829, 265201582, 313885939, 305571189}
85218582
	 {38682437, 110499369, 364406574, 225855346, 68347191, 172548857}
256208230
	 {381987652, 295268172, 345806829, 265201582, 214149237, 205558585}
428939232
	 {263085156, 265201582, 373684497, 225855346, 313885939, 276916597}
515433447
	 {494876225, 461975619, 386663395, 206202214, 537276952, 482712539}
266199060
	 {244629281, 144991852, 163055161, 225855346, 172548857}
307768981
	 {394030314, 225855346, 559588275, 465818645, 333480634}
413674661
	 {386663395, 294925990, 248360080, 308859541, 470401627}
567045314
	 {501860621, 373609710, 225855346, 564414455, 482712539}
217468639
	 {95039425, 225855346, 215827411, 159601172, 172548857}
193426206
	 {144991852, 225855346, 493963735, 286635640, 172548857}
355888295
	 {333480634, 551547249, 530901642, 530888765}
222129333
	 {144991852, 330968114, 372966356, 281242013}
276916597
	 {428939232, 232150730, 313885939, 225855346}
228791186
	 {295227353, 206560394, 299658508, 307705637}
150536090
	 {205558585, 345806829, 295268172, 214149237}
269347832
	 {225855346, 263085156, 305571189, 265201582}
312040711
	 {172548857, 225855346, 150540988}
411073829
	 {225855346, 308859541, 206202214}
364406574
	 {225855346, 85218582, 68347191}
255107055
	 {286635640, 110499369, 159601172}
455149255
	 {394030314, 305571189}
473112806
	 {225855346, 299123371}
167956263
	 {225855346, 101254254}
335258960
	 {258830488, 345806829}
250889600
	 {465818645, 545927805}
101379540
	 {225855346, 125193463}
487149129
	 {295227353}
101254254
	 {167956263}
536725146
	 {373609710}
10700490
	 {225855346}
393066268
	 {225855346}
516983659
	 {144991852}
511634831
	 {299123371}
173675989
	 {484373812}
488503772
	 {293066712}
235918310
	 {299658508}
539414957
	 set()
