337
92889560
	 {378759690, 317000601, 351844265, 137525292, 292945456, 169642165, 278086071, 266820031, 215359305, 362293322, 176606165, 312745693, 203464419, 116607334, 167897704, 92162921, 140948204, 144991852, 445057902, 147315829, 332563573, 169606649, 326895354}
169606649
	 {169592330, 378759690, 317000601, 351844265, 137525292, 292945456, 169642165, 278086071, 266820031, 215359305, 362293322, 219262927, 176606165, 92889560, 203464419, 116607334, 167897704, 92162921, 140948204, 144991852, 147315829, 332563573, 326895354}
278086071
	 {378759690, 317000601, 351844265, 137525292, 292945456, 169642165, 266820031, 215359305, 219262927, 176606165, 92889560, 203464419, 116607334, 167897704, 92162921, 140948204, 144991852, 445057902, 147315829, 332563573, 169606649, 326895354}
378759690
	 {317000601, 351844265, 137525292, 292945456, 169642165, 278086071, 266820031, 215359305, 504123220, 176606165, 92889560, 312745693, 203464419, 116607334, 167897704, 140948204, 445057902, 147315829, 332563573, 169606649, 326895354}
137525292
	 {378759690, 317000601, 351844265, 292945456, 169642165, 278086071, 266820031, 215359305, 176606165, 92889560, 312745693, 203464419, 116607334, 43023207, 167897704, 92162921, 140948204, 147315829, 332563573, 169606649, 326895354}
326895354
	 {378759690, 317000601, 351844265, 137525292, 292945456, 169642165, 278086071, 266820031, 215359305, 185358552, 92889560, 312745693, 203464419, 116607334, 167897704, 92162921, 140948204, 144991852, 147315829, 332563573, 169606649}
147315829
	 {378759690, 317000601, 351844265, 137525292, 292945456, 169642165, 278086071, 266820031, 215359305, 176606165, 92889560, 203464419, 116607334, 92162921, 140948204, 144991852, 445057902, 332563573, 169606649, 326895354}
169642165
	 {378759690, 317000601, 325902110, 351844265, 137525292, 292945456, 278086071, 266820031, 215359305, 176606165, 92889560, 203464419, 116607334, 167897704, 144991852, 147315829, 332563573, 169606649, 326895354}
266820031
	 {203464419, 326895354, 116607334, 351844265, 378759690, 215359305, 137525292, 92162921, 140948204, 144991852, 169606649, 169642165, 176606165, 278086071, 92889560, 317000601, 147315829, 332563573}
144991852
	 {203464419, 326895354, 215359305, 169592330, 92162921, 169606649, 445057902, 219262927, 292945456, 169642165, 176606165, 278086071, 92889560, 317000601, 147315829, 332563573, 325902110, 266820031}
332563573
	 {203464419, 116607334, 351844265, 378759690, 215359305, 137525292, 140948204, 144991852, 169606649, 292945456, 169642165, 147315829, 278086071, 92889560, 317000601, 326895354, 312745693, 266820031}
317000601
	 {203464419, 116607334, 167897704, 351844265, 378759690, 137525292, 144991852, 445057902, 169606649, 292945456, 169642165, 147315829, 278086071, 92889560, 332563573, 326895354, 266820031}
215359305
	 {203464419, 116607334, 351844265, 378759690, 137525292, 144991852, 445057902, 169606649, 292945456, 169642165, 147315829, 278086071, 92889560, 332563573, 326895354, 266820031}
116607334
	 {203464419, 326895354, 351844265, 378759690, 215359305, 137525292, 140948204, 169606649, 292945456, 169642165, 147315829, 278086071, 92889560, 317000601, 332563573, 266820031}
176606165
	 {203464419, 351844265, 378759690, 92162921, 137525292, 140948204, 144991852, 169642165, 147315829, 278086071, 92889560, 169606649, 266820031}
140948204
	 {203464419, 116607334, 351844265, 378759690, 137525292, 169606649, 176606165, 147315829, 278086071, 92889560, 332563573, 326895354, 266820031}
92162921
	 {167897704, 351844265, 137525292, 144991852, 176606165, 147315829, 278086071, 92889560, 169606649, 326895354, 266820031}
167897704
	 {92162921, 378759690, 137525292, 169606649, 292945456, 169642165, 278086071, 92889560, 317000601, 326895354}
219262927
	 {253435170, 169592330, 144991852, 445057902, 278086071, 169606649}
169592330
	 {169606649, 144991852, 219262927}
325902110
	 {609835608, 144991852, 169642165}
543604499
	 {203464419}
253435170
	 {219262927}
185358552
	 {326895354}
312745693
	 {332563573}
43023207
	 {137525292}
550047846
	 set()
