430
110380504
	 {212141824, 185242882, 240292872, 446724765, 180364320, 158956464, 452131127, 440780601, 167953349, 218740549, 254907983, 51065555, 267601108, 225854433, 204659810, 269077988, 236054764, 21827951, 138681967, 365709812, 212497399, 214298744, 138261372}
204659810
	 {212141824, 185242882, 58829708, 446724765, 180364320, 158956464, 452131127, 440780601, 167953349, 218740549, 254907983, 51065555, 267601108, 110380504, 225854433, 269077988, 236054764, 21827951, 138681967, 365709812, 212497399, 214298744, 138261372}
138261372
	 {212141824, 185242882, 240292872, 58829708, 446724765, 180364320, 158956464, 452131127, 440780601, 167953349, 218740549, 254907983, 51065555, 110380504, 225854433, 204659810, 269077988, 236054764, 21827951, 138681967, 365709812, 212497399, 214298744}
185242882
	 {212141824, 240292872, 58829708, 446724765, 180364320, 158956464, 452131127, 440780601, 218740549, 254907983, 51065555, 267601108, 110380504, 225854433, 204659810, 269077988, 236054764, 21827951, 138681967, 365709812, 212497399, 138261372}
218740549
	 {212141824, 185242882, 240292872, 58829708, 446724765, 180364320, 158956464, 452131127, 440780601, 254907983, 51065555, 267601108, 110380504, 225854433, 204659810, 269077988, 236054764, 21827951, 138681967, 365709812, 212497399, 138261372}
21827951
	 {212141824, 185242882, 240292872, 58829708, 446724765, 180364320, 158956464, 440780601, 218740549, 254907983, 51065555, 267601108, 110380504, 225854433, 204659810, 269077988, 236054764, 138681967, 365709812, 212497399, 214298744, 138261372}
365709812
	 {212141824, 185242882, 240292872, 58829708, 446724765, 180364320, 158956464, 440780601, 218740549, 254907983, 51065555, 267601108, 110380504, 225854433, 204659810, 269077988, 236054764, 21827951, 138681967, 212497399, 214298744, 138261372}
51065555
	 {212141824, 185242882, 240292872, 446724765, 180364320, 158956464, 452131127, 440780601, 218740549, 254907983, 267601108, 110380504, 225854433, 204659810, 269077988, 236054764, 21827951, 138681967, 365709812, 212497399, 138261372}
212497399
	 {212141824, 185242882, 240292872, 446724765, 180364320, 158956464, 452131127, 218740549, 254907983, 51065555, 267601108, 110380504, 225854433, 204659810, 269077988, 236054764, 21827951, 138681967, 365709812, 214298744, 138261372}
212141824
	 {185242882, 240292872, 446724765, 180364320, 158956464, 452131127, 218740549, 254907983, 51065555, 267601108, 110380504, 204659810, 269077988, 21827951, 138681967, 365709812, 212497399, 214298744, 138261372}
240292872
	 {212141824, 185242882, 446724765, 180364320, 158956464, 452131127, 440780601, 218740549, 254907983, 51065555, 267601108, 110380504, 225854433, 269077988, 236054764, 21827951, 365709812, 212497399, 138261372}
254907983
	 {212141824, 185242882, 240292872, 58829708, 446724765, 180364320, 158956464, 452131127, 218740549, 51065555, 110380504, 204659810, 269077988, 21827951, 138681967, 365709812, 212497399, 214298744, 138261372}
269077988
	 {212141824, 185242882, 240292872, 58829708, 180364320, 440780601, 218740549, 254907983, 51065555, 110380504, 225854433, 204659810, 236054764, 21827951, 138681967, 365709812, 212497399, 214298744, 138261372}
446724765
	 {212141824, 180364320, 185242882, 204659810, 218740549, 240292872, 58829708, 236054764, 254907983, 158956464, 21827951, 51065555, 267601108, 365709812, 212497399, 452131127, 110380504, 138261372}
236054764
	 {180364320, 225854433, 185242882, 204659810, 269077988, 218740549, 240292872, 58829708, 21827951, 138681967, 51065555, 365709812, 212497399, 110380504, 440780601, 138261372, 446724765}
158956464
	 {212141824, 180364320, 185242882, 204659810, 218740549, 240292872, 254907983, 21827951, 51065555, 267601108, 365709812, 212497399, 452131127, 110380504, 138261372, 446724765}
225854433
	 {180364320, 185242882, 204659810, 269077988, 218740549, 240292872, 58829708, 236054764, 21827951, 51065555, 365709812, 212497399, 452131127, 110380504, 440780601, 138261372}
138681967
	 {212141824, 180364320, 185242882, 204659810, 269077988, 167953349, 218740549, 138261372, 236054764, 254907983, 21827951, 51065555, 365709812, 212497399, 110380504, 214298744}
440780601
	 {180364320, 225854433, 185242882, 204659810, 269077988, 218740549, 240292872, 58829708, 236054764, 144941198, 21827951, 51065555, 365709812, 110380504, 138261372}
267601108
	 {212141824, 180364320, 185242882, 204659810, 218740549, 240292872, 21827951, 158956464, 51065555, 365709812, 212497399, 452131127, 110380504, 446724765}
214298744
	 {212141824, 180364320, 204659810, 269077988, 167953349, 58829708, 254907983, 21827951, 138681967, 365709812, 212497399, 110380504, 138261372}
167953349
	 {180364320, 110380504, 138681967, 214298744, 138261372}
175449270
	 {180364320, 244216089, 398747330, 221584581}
221584581
	 {180364320, 244216089, 175449270}
135055326
	 {180364320, 188569329, 144991852}
144991852
	 {180364320, 188569329, 135055326}
188569329
	 {180364320, 144991852, 135055326}
144941198
	 {180364320, 440780601}
244216089
	 {221584581, 175449270}
398747330
	 {180364320, 175449270}
541808286
	 {180364320}
377301728
	 {180364320}
139578110
	 {180364320}
