6482
210523445
	 {68603392, 170592770, 171039241, 197771787, 201564683, 2956812, 11529230, 195244048, 48798224, 102186002, 140051985, 152426005, 345103899, 190095389, 138609700, 104742951, 88613416, 6461995, 132993580, 56755758, 199373871, 88596532, 86828086, 26289213, 165640766, 322889280, 6316617, 282974287, 326208087, 30216280, 111068774, 36828780, 10625647, 481217650, 84214403, 147417733, 290306694, 233854092, 80096908, 6053012, 221263003, 83568283, 227326627, 164573866, 176390826, 189961386, 423796399, 325878449, 174673586, 138177715, 351357622, 47549624, 136928953, 61094587, 225941180, 150490301, 221353662, 42287823, 100173013, 107534557, 284112094, 195247327, 175818990, 507364084, 161882869, 22346494, 279551745, 240253698, 251149573, 168974601, 243783434, 289800971, 194105616, 93664533, 5129494, 174733083, 243746587, 227841826, 209463077, 34094379, 86139694, 152085294, 245122354, 131546420, 155226421, 372824885, 209272119, 133544248, 171871544, 12144956, 151208253, 206096716, 54792021, 78666584, 167539546, 162299229, 194489694, 332943714, 5918060, 413322605, 642065774, 371430775, 52450171, 243720061, 154396548, 239818120, 278461832, 150714249, 148906895, 138096016, 152986518, 438943136, 236825002, 256664492, 101457846, 252642233, 120007101, 232272832, 179259332, 224444359, 87413707, 171165131, 224304589, 225736145, 151872474, 227188699, 267599840, 7153638, 271061482, 150558189, 97653747, 222479355}
290306694
	 {68603392, 170592770, 171039241, 197771787, 2956812, 11529230, 140051985, 152426005, 345103899, 190095389, 193702434, 138609700, 104742951, 88613416, 199373871, 88596532, 86828086, 26289213, 165640766, 209933889, 21561414, 282974287, 136330319, 30216280, 111068774, 173217382, 10625647, 147417733, 80096908, 98530963, 6053012, 176390826, 189961386, 423796399, 325878449, 138177715, 47549624, 136928953, 61094587, 150490301, 163608766, 430873279, 100173013, 284112094, 195247327, 175818990, 507364084, 240253698, 121249032, 168974601, 243783434, 93664533, 5129494, 220421397, 243746587, 209463077, 86139694, 153960244, 210523445, 155226421, 372824885, 171871544, 237586744, 12144956, 546264383, 206096716, 5807440, 54792021, 78666584, 167539546, 194489694, 332943714, 5918060, 413322605, 12489585, 259109236, 243720061, 154396548, 278461832, 150714249, 477889931, 148906895, 180984751, 252642233, 120007101, 232272832, 64304580, 224444359, 172952009, 171165131, 224304589, 225736145, 151872474, 267599840, 7153638, 271061482, 222792684, 150558189, 2203645}
7153638
	 {171039241, 2956812, 222589464, 380845599, 104742951, 6461995, 56755758, 199373871, 164277806, 26289213, 76025405, 137147968, 38890561, 282974287, 67897942, 30216280, 139218011, 86824543, 133690981, 111068774, 209666155, 36828780, 10625647, 80384114, 4516987, 290306694, 98530963, 210244254, 189323945, 189961386, 205067947, 235859116, 325878449, 174673586, 280327866, 61094587, 225941180, 150490301, 42287823, 107534557, 431148787, 161882869, 159817977, 18356489, 93664533, 5129494, 46942999, 243746587, 103502112, 34094379, 152085294, 131546420, 155226421, 210523445, 209272119, 171871544, 12144956, 75563326, 30312256, 206096716, 45450573, 5807440, 54792021, 167539546, 162299229, 194489694, 62594909, 182636387, 5918060, 413322605, 12489585, 85020018, 154396548, 278461832, 150714249, 228155295, 236825002, 167859114, 252642233, 232272832, 42561476, 139429320, 224304589, 151872474, 267599840, 150558189, 169568245}
168974601
	 {170592770, 197771787, 201564683, 2956812, 11529230, 504110604, 48798224, 140051985, 152426005, 104742951, 259081770, 132993580, 224215603, 179222584, 26289213, 21561414, 282974287, 36828780, 10625647, 259909233, 84214403, 290306694, 233854092, 98530963, 168037526, 221263003, 269482655, 227326627, 189961386, 138177715, 47549624, 136928953, 150490301, 163608766, 250895551, 221353662, 100173013, 195247327, 269109484, 507364084, 157716217, 251149573, 243783434, 93664533, 5129494, 243746587, 153402141, 209044777, 34094379, 152085294, 245122354, 210523445, 191886137, 12144956, 440900931, 54792021, 78666584, 159684953, 208693096, 5918060, 413322605, 371430775, 52450171, 122425213, 243720061, 151848321, 184313222, 278461832, 150714249, 236044687, 138096016, 17825191, 256686505, 236825002, 252642233, 232272832, 179259332, 224444359, 139429320, 224304589, 151872474, 271061482, 97653747, 169568245, 222479355}
140051985
	 {212597256, 197771787, 201564683, 195244048, 48798224, 345103899, 190095389, 132993580, 56755758, 390571568, 224215603, 374779957, 165640766, 137147968, 282974287, 326208087, 30216280, 133690981, 111068774, 173217382, 209666155, 10625647, 212525694, 84214403, 290306694, 170091146, 233854092, 272892047, 98530963, 227326627, 189961386, 423796399, 325878449, 138177715, 163608766, 195247327, 269109484, 161882869, 240253698, 411341571, 168974601, 93664533, 243746587, 209044777, 34094379, 152085294, 245122354, 155226421, 210523445, 171871544, 151208253, 54792021, 159684953, 167539546, 210835290, 429050720, 332943714, 642065774, 338302319, 238706545, 371430775, 52450171, 243720061, 122425213, 154396548, 184313222, 138096016, 607024550, 17825191, 236825002, 136611246, 252642233, 232272832, 179259332, 224444359, 224304589, 227188699, 267599840, 271061482, 222792684, 97653747, 222479355}
12144956
	 {68603392, 289066502, 171039241, 197771787, 201564683, 2956812, 217418257, 345103899, 100185118, 104742951, 132993580, 56755758, 199373871, 26289213, 322889280, 21561414, 88063046, 168448099, 111068774, 173217382, 10625647, 195140727, 510809213, 84214403, 290306694, 6053012, 210244254, 144513698, 189961386, 423796399, 47549624, 136928953, 36135099, 61094587, 225941180, 42287823, 107534557, 257556203, 269109484, 240253698, 251149573, 168974601, 93664533, 5129494, 153402141, 34094379, 152085294, 171705647, 131546420, 210523445, 209272119, 54792021, 167539546, 332943714, 225532262, 167858535, 5918060, 413322605, 60239217, 238706545, 265972599, 371430775, 243720061, 239818120, 150714249, 138096016, 244471186, 157241241, 151138717, 256686505, 236825002, 256664492, 232272832, 224444359, 224304589, 151872474, 95845339, 7153638, 97653747, 81769463, 222479355}
189961386
	 {102892035, 171039241, 197771787, 2956812, 140051985, 152426005, 345103899, 104742951, 88613416, 132993580, 56755758, 199373871, 86828086, 140065340, 26289213, 209933889, 21561414, 30216280, 90902620, 133690981, 111068774, 173217382, 36828780, 10625647, 147417733, 290306694, 80096908, 98530963, 210244254, 174673586, 61094587, 225941180, 221353662, 42287823, 100173013, 107534557, 269109484, 507364084, 18356489, 168974601, 164207379, 93664533, 5129494, 220421397, 243746587, 34094379, 86139694, 152085294, 210523445, 191886137, 12144956, 206096716, 54792021, 78666584, 159684953, 162299229, 62594909, 167858535, 5918060, 413322605, 265972599, 122425213, 239818120, 150714249, 292741005, 148906895, 151138717, 228155295, 236825002, 101457846, 232272832, 139429320, 172952009, 224304589, 225736145, 151872474, 227188699, 267599840, 7153638, 222479355}
197771787
	 {84214403, 185953283, 154396548, 290306694, 278461832, 168974601, 243783434, 2956812, 11529230, 48798224, 140051985, 130188944, 98530963, 93664533, 5129494, 345103899, 174733083, 190095389, 104742951, 421581863, 236825002, 6461995, 132993580, 176390826, 189961386, 34094379, 171705647, 325878449, 56755758, 138177715, 72513972, 372824885, 210523445, 133544248, 252642233, 171871544, 136928953, 12144956, 385953853, 165640766, 151208253, 163608766, 120007101, 232272832, 26289213, 322889280, 225941180, 224444359, 87413707, 224304589, 186143059, 173182420, 323581651, 54792021, 78666584, 167539546, 151872474, 138115421, 107534557, 195247327, 267599840, 379866082, 111068774, 208693096, 144991852, 413322605, 642065774, 10625647, 243720061, 81769463, 507364084, 161882869, 199951862, 265972599, 262263549}
252642233
	 {68603392, 96469505, 290306694, 212597256, 168974601, 155254152, 197771787, 201564683, 233854092, 239818120, 243783434, 138096016, 69690897, 140051985, 98530963, 152426005, 157241241, 243746587, 153402141, 380845599, 103502112, 138609700, 256686505, 189323945, 6461995, 209044777, 86139694, 164277806, 423796399, 325878449, 374779957, 155226421, 210523445, 47549624, 191886137, 75563326, 163608766, 21561414, 224444359, 172952009, 158837066, 172013002, 224304589, 225736145, 188326995, 54792021, 80415319, 30216280, 78666584, 167539546, 151872474, 107534557, 139458653, 79881311, 195247327, 134093282, 111068774, 7153638, 271061482, 209666155, 144991852, 413322605, 150558189, 150714249, 287265776, 12489585, 238706545, 507364084, 81769463, 4516987, 122425213}
10625647
	 {68603392, 48483970, 102892035, 147417733, 290306694, 51903880, 168974601, 171039241, 197771787, 278461832, 2956812, 11529230, 150714249, 48798224, 140051985, 102186002, 174005394, 6053012, 93664533, 5129494, 151138717, 210244254, 228155295, 104742951, 236825002, 189961386, 34094379, 152085294, 199373871, 56755758, 372824885, 86828086, 210523445, 209272119, 36135099, 12144956, 151208253, 26289213, 225941180, 232272832, 64880318, 64304580, 224444359, 171165131, 206096716, 224304589, 42287823, 100173013, 30216280, 151872474, 227188699, 90902620, 107534557, 62594909, 267599840, 213304801, 111068774, 167858535, 173217382, 7153638, 271061482, 269109484, 5918060, 413322605, 307023215, 36828780, 84770796, 97653747, 371430775, 122425213}
224304589
	 {5579776, 68603392, 304603906, 226281256, 290306694, 239818120, 168974601, 171039241, 197771787, 2956812, 243783434, 150714249, 140051985, 102186002, 164207379, 98530963, 152426005, 135567002, 345103899, 175158428, 83568283, 92585502, 243746587, 472309666, 138609700, 209463077, 104742951, 88613416, 189323945, 236825002, 421581863, 189961386, 209044777, 152085294, 180984751, 34094379, 17825191, 224215603, 131546420, 210523445, 252642233, 12144956, 26289213, 134199614, 150490301, 322889280, 225941180, 224444359, 172952009, 158837066, 87413707, 206096716, 171165131, 191178317, 54792021, 159684953, 167539546, 173865179, 267599840, 111068774, 7153638, 5918060, 413322605, 150558189, 10625647, 144991852, 481217650, 81769463, 122425213}
93664533
	 {84214403, 154396548, 251149573, 290306694, 184313222, 117459464, 168974601, 150714249, 165218571, 197771787, 233854092, 236044687, 140051985, 98530963, 5129494, 345103899, 438943136, 227841826, 209463077, 104742951, 170312104, 209044777, 236825002, 189961386, 132993580, 34094379, 152085294, 390571568, 374779957, 210523445, 209272119, 61094587, 12144956, 151208253, 26289213, 133521599, 232272832, 150490301, 322889280, 221353662, 87413707, 323581651, 54792021, 326208087, 30216280, 151872474, 227188699, 90902620, 138115421, 195247327, 332943714, 133690981, 225532262, 111068774, 7153638, 5918060, 243720061, 10625647, 307023215, 238706545, 97653747, 507364084, 161882869, 199951862, 81769463, 222479355, 122425213, 22346494}
34094379
	 {68603392, 411341571, 184313222, 239818120, 168974601, 278461832, 197771787, 2956812, 243783434, 11529230, 150714249, 48798224, 138096016, 140051985, 98530963, 93664533, 5129494, 83568283, 174733083, 243746587, 138609700, 104742951, 88613416, 17825191, 176390826, 189961386, 132993580, 263235631, 390571568, 174673586, 224215603, 131546420, 210523445, 209272119, 36135099, 12144956, 26289213, 150490301, 225941180, 232272832, 322889280, 224444359, 158837066, 87413707, 206096716, 224304589, 42287823, 54792021, 326208087, 290972119, 159684953, 167539546, 107534557, 267599840, 111068774, 7153638, 208693096, 269109484, 413322605, 84770796, 10625647, 238706545, 97653747, 169568245, 81769463, 52450171}
413322605
	 {240253698, 84214403, 154396548, 290306694, 278461832, 168974601, 150714249, 197771787, 2956812, 80096908, 11529230, 48798224, 98530963, 6053012, 5129494, 345103899, 83568283, 174733083, 438943136, 104742951, 189961386, 34094379, 132993580, 235859116, 236825002, 423796399, 171705647, 325878449, 174673586, 138177715, 210523445, 372824885, 171871544, 252642233, 12144956, 150490301, 221353662, 232272832, 224444359, 87413707, 224304589, 54792021, 78666584, 167539546, 195247327, 267599840, 111068774, 7153638, 208693096, 271061482, 5918060, 10625647, 81769463, 507364084, 161882869, 199951862, 265972599, 243720061, 371430775}
2956812
	 {68603392, 147417733, 290306694, 18356489, 168974601, 197771787, 150714249, 11529230, 138096016, 78633748, 6053012, 5129494, 152426005, 243746587, 27697439, 380845599, 6944037, 104742951, 88613416, 189961386, 6461995, 34094379, 205067947, 152085294, 199373871, 56755758, 174673586, 155226421, 372824885, 210523445, 47549624, 12144956, 120007101, 26289213, 225941180, 30312256, 224444359, 139429320, 206096716, 224304589, 5807440, 100173013, 30216280, 167539546, 151872474, 62594909, 267599840, 7153638, 222792684, 5918060, 413322605, 10625647, 150558189, 12489585, 97653747, 81769463, 4516987, 2203645, 22346494}
195247327
	 {240253698, 84214403, 411341571, 290306694, 212597256, 168974601, 197771787, 272892047, 195244048, 278934545, 244471186, 140051985, 78633748, 93664533, 98530963, 345103899, 227664163, 209463077, 176390826, 251985582, 423796399, 390571568, 325878449, 167751598, 138177715, 155226421, 351357622, 210523445, 252642233, 225941180, 151208253, 134199614, 165640766, 385953853, 163608766, 232272832, 150490301, 224444359, 95448906, 326208087, 78666584, 167539546, 227188699, 194489694, 232233440, 332943714, 379866082, 271061482, 399530604, 413322605, 642065774, 238706545, 481217650, 507364084, 161882869, 243720061, 212525694, 159270911}
104742951
	 {15868672, 68603392, 184455043, 147417733, 290306694, 117459464, 18356489, 168974601, 171039241, 162265228, 197771787, 11529230, 239818120, 2956812, 243783434, 150714249, 6053012, 93664533, 5129494, 152426005, 6944037, 88613416, 236825002, 189961386, 34094379, 152085294, 199373871, 56755758, 131546420, 210523445, 209272119, 61094587, 12144956, 120007101, 26289213, 221353662, 9802821, 21561414, 206096716, 1078732, 224304589, 323581651, 100173013, 267599840, 332943714, 173217382, 7153638, 5918060, 413322605, 10625647, 2203645, 97653747, 243720061}
232272832
	 {84214403, 154396548, 290306694, 184313222, 278461832, 168974601, 197771787, 48798224, 140051985, 195244048, 174005394, 98530963, 93664533, 5129494, 345103899, 174733083, 421581863, 170312104, 189961386, 34094379, 236825002, 423796399, 390571568, 245122354, 210523445, 171871544, 136928953, 61094587, 12144956, 150490301, 165640766, 221353662, 151208253, 224444359, 87413707, 323581651, 167539546, 195247327, 111985504, 332943714, 111068774, 173217382, 225532262, 7153638, 144991852, 5918060, 413322605, 10625647, 81769463, 507364084, 371430775, 243720061, 22346494}
111068774
	 {290306694, 171039241, 150714249, 197771787, 48798224, 69690897, 102186002, 140051985, 93664533, 5129494, 243746587, 209044777, 189961386, 34094379, 132993580, 236825002, 56755758, 131546420, 241326773, 155226421, 210523445, 209272119, 372824885, 252642233, 12144956, 150490301, 26289213, 221353662, 232272832, 224444359, 216216776, 172952009, 206096716, 224304589, 100173013, 54792021, 30216280, 78666584, 151872474, 107534557, 267599840, 173217382, 167858535, 7153638, 271061482, 5918060, 413322605, 150558189, 10625647, 2203645, 265972599, 122425213}
98530963
	 {170592770, 154396548, 251149573, 290306694, 184313222, 168974601, 197771787, 195244048, 140051985, 93664533, 345103899, 174733083, 227326627, 209463077, 176390826, 6461995, 189961386, 34094379, 236825002, 423796399, 138177715, 155226421, 133544248, 136928953, 171871544, 252642233, 225941180, 150490301, 165640766, 232272832, 231602242, 224444359, 87413707, 224304589, 54792021, 326208087, 30216280, 167539546, 138115421, 194489694, 195247327, 332943714, 7153638, 271061482, 269109484, 413322605, 161882869, 222479355, 209482620, 243720061, 337430399}
68603392
	 {102892035, 147417733, 290306694, 121249032, 239818120, 150714249, 2956812, 80096908, 152426005, 5129494, 175158428, 138609700, 104742951, 261544232, 88613416, 226281256, 34094379, 185086509, 152085294, 180984751, 199373871, 56755758, 131546420, 210523445, 86828086, 47549624, 252642233, 61094587, 12144956, 26289213, 225941180, 172952009, 90644042, 206096716, 224304589, 100173013, 54792021, 78666584, 151872474, 173865179, 107534557, 267991398, 167858535, 271061482, 222792684, 150558189, 10625647, 121424884, 4516987, 122425213}
225941180
	 {5579776, 68603392, 239818120, 150714249, 197771787, 2956812, 80096908, 11529230, 98530963, 152426005, 5129494, 175158428, 88613416, 226281256, 189961386, 34094379, 185086509, 152085294, 131546420, 210523445, 209272119, 47549624, 171871544, 12144956, 26289213, 150490301, 64880318, 322889280, 172952009, 206096716, 224304589, 42287823, 54792021, 78666584, 173865179, 107534557, 195247327, 267599840, 332943714, 267991398, 7153638, 269109484, 222792684, 5918060, 10625647, 481217650, 121424884, 243947380, 81769463, 122425213}
174733083
	 {154396548, 648197127, 117459464, 178383880, 278461832, 197771787, 463289100, 48798224, 98530963, 438943136, 227841826, 227664163, 275532324, 170312104, 256686505, 176390826, 34094379, 213939244, 251985582, 423796399, 192636977, 325878449, 93250739, 72513972, 138177715, 351357622, 210523445, 271961523, 120007101, 165640766, 151208253, 163608766, 133521599, 99521342, 232272832, 26289213, 150490301, 224444359, 347823818, 171165131, 78666584, 559352541, 159598686, 213304801, 166480875, 5918060, 413322605, 642065774, 145251185, 163917685}
224444359
	 {154396548, 290306694, 278461832, 168974601, 150714249, 201564683, 197771787, 2956812, 80096908, 195244048, 140051985, 102186002, 98530963, 138096016, 152426005, 5129494, 345103899, 174733083, 227326627, 421581863, 176390826, 34094379, 199373871, 180984751, 325878449, 174673586, 138177715, 210523445, 372824885, 252642233, 12144956, 26289213, 232272832, 158837066, 224304589, 54792021, 78666584, 167539546, 151872474, 195247327, 267599840, 111068774, 173217382, 271061482, 413322605, 10625647, 338302319, 97653747, 259109236, 222479355}
54792021
	 {68603392, 240253698, 411341571, 290306694, 239818120, 171039241, 168974601, 197771787, 80096908, 150714249, 278461832, 138096016, 140051985, 102186002, 98530963, 244471186, 93664533, 345103899, 175158428, 226281256, 176390826, 189961386, 34094379, 180984751, 390571568, 174673586, 138177715, 210523445, 372824885, 252642233, 225941180, 26289213, 165640766, 163608766, 12144956, 134199614, 224444359, 172952009, 158837066, 171165131, 191178317, 224304589, 167539546, 267599840, 111068774, 7153638, 413322605, 481217650, 161882869}
236825002
	 {240253698, 84214403, 411341571, 154396548, 168974601, 201564683, 197771787, 48798224, 140051985, 98530963, 93664533, 438943136, 227841826, 209463077, 104742951, 421581863, 189961386, 132993580, 152085294, 199626542, 325878449, 210523445, 209272119, 171871544, 12144956, 150490301, 232272832, 158501195, 87413707, 224304589, 265348432, 323581651, 30216280, 167539546, 332943714, 133690981, 111068774, 7153638, 208693096, 269109484, 413322605, 10625647, 238706545, 507364084, 161882869, 199951862, 222479355, 243720061}
152085294
	 {68603392, 147417733, 184313222, 239818120, 18356489, 168974601, 150714249, 2956812, 292741005, 140051985, 152426005, 93664533, 5129494, 46942999, 220421397, 210244254, 104742951, 189961386, 236825002, 199373871, 174673586, 131546420, 210523445, 61094587, 225941180, 140065340, 26289213, 12144956, 120007101, 209933889, 206096716, 224304589, 42287823, 225736145, 100173013, 151872474, 162299229, 133690981, 173217382, 225532262, 7153638, 201321451, 36828780, 269109484, 84770796, 10625647, 122425213, 22346494}
47549624
	 {68603392, 147417733, 290306694, 239818120, 168974601, 243783434, 150714249, 2956812, 148906895, 48798224, 152426005, 243746587, 175158428, 100185118, 138609700, 261544232, 88613416, 185086509, 199373871, 88596532, 210523445, 86828086, 252642233, 12144956, 120007101, 75563326, 26289213, 225941180, 179259332, 172952009, 90644042, 206096716, 100173013, 78666584, 159684953, 199847776, 119413601, 267991398, 201321451, 222792684, 5918060, 150558189, 73741424, 121424884, 243947380, 195293431, 4516987, 209482620}
345103899
	 {240253698, 84214403, 411341571, 251149573, 290306694, 154396548, 278461832, 197771787, 272892047, 195244048, 48798224, 244471186, 140051985, 6053012, 93664533, 98530963, 385757466, 438943136, 209463077, 421581863, 256686505, 189961386, 178583465, 256664492, 224788395, 423796399, 325878449, 138177715, 210523445, 133544248, 171871544, 12144956, 151208253, 165640766, 163608766, 232272832, 224444359, 224304589, 221530451, 54792021, 194489694, 195247327, 413322605, 238706545, 481217650, 161882869, 243720061, 164207230}
209272119
	 {170592770, 48483970, 171039241, 198938250, 201564683, 150714249, 11529230, 194105616, 6053012, 93664533, 5129494, 423986205, 100185118, 144513698, 104742951, 236825002, 34094379, 259081770, 171705647, 174673586, 241326773, 210523445, 136928953, 36135099, 12144956, 26289213, 150490301, 225941180, 206096716, 42287823, 105795410, 107534557, 16447070, 267599840, 213304801, 111068774, 167858535, 173217382, 7153638, 269109484, 5918060, 10625647, 97653747, 352168437, 371430775, 122425213, 22346494}
136928953
	 {170592770, 48483970, 290306694, 222479355, 168974601, 198938250, 197771787, 233854092, 243783434, 150714249, 194105616, 233534865, 98530963, 243746587, 84141213, 423986205, 151138717, 227326627, 138609700, 259081770, 423796399, 138177715, 271961523, 241326773, 210523445, 209272119, 191886137, 12144956, 26289213, 165640766, 163608766, 383492413, 120007101, 232272832, 282974287, 225736145, 105795410, 80415319, 16447070, 133690981, 642065774, 507364084, 163917685, 352168437, 81769463, 80695289, 52450171}
151872474
	 {68603392, 185953283, 290306694, 121249032, 168974601, 171039241, 197771787, 239818120, 278461832, 2956812, 80096908, 150714249, 93664533, 5129494, 220421397, 152426005, 175158428, 210244254, 144513698, 261544232, 189961386, 132993580, 28946221, 152085294, 131546420, 372824885, 210523445, 252642233, 61094587, 12144956, 26289213, 76025405, 224444359, 42287823, 265348432, 100173013, 30216280, 159684953, 62594909, 194489694, 111068774, 173217382, 7153638, 222792684, 5918060, 10625647}
165640766
	 {170592770, 52450171, 154396548, 251149573, 290306694, 278461832, 243783434, 197771787, 195244048, 278934545, 140051985, 98530963, 221263003, 345103899, 174733083, 209463077, 176390826, 423796399, 325878449, 245122354, 138177715, 210523445, 136928953, 151208253, 163608766, 26289213, 232272832, 87413707, 54792021, 78666584, 167539546, 284112094, 195247327, 332943714, 379866082, 122425213, 642065774, 338302319, 243720061, 106330098, 507364084, 81769463, 222479355, 510809213}
243720061
	 {170592770, 84214403, 411341571, 154396548, 290306694, 168974601, 150714249, 197771787, 186851087, 48798224, 140051985, 98530963, 93664533, 345103899, 438943136, 209463077, 124894118, 104742951, 236825002, 132993580, 256664492, 423796399, 390571568, 138177715, 210523445, 171871544, 12144956, 150490301, 163608766, 165640766, 151208253, 232272832, 323581651, 30216280, 138115421, 195247327, 379866082, 413322605, 507364084, 161882869, 259109236, 352168437, 222479355, 164207230}
30216280
	 {185953283, 154396548, 290306694, 150714249, 243783434, 2956812, 233854092, 140051985, 98530963, 93664533, 243746587, 380845599, 103502112, 438943136, 209463077, 189961386, 6461995, 205067947, 167859114, 164277806, 236825002, 210523445, 101457846, 252642233, 26289213, 282974287, 265348432, 326208087, 167539546, 151872474, 62594909, 138115421, 79881311, 194489694, 111068774, 7153638, 5918060, 243720061, 150558189, 10625647, 507364084, 122425213, 22346494}
88613416
	 {68603392, 34746243, 147417733, 290306694, 121249032, 239818120, 243783434, 150714249, 2956812, 148906895, 138609700, 104742951, 261544232, 189961386, 34094379, 185086509, 56755758, 180984751, 199373871, 174673586, 88596532, 155226421, 86828086, 131546420, 47549624, 210523445, 225941180, 120007101, 26289213, 64304580, 172952009, 224304589, 42287823, 100173013, 78666584, 107534557, 199847776, 332943714, 222792684, 5918060, 121424884, 193654647}
100173013
	 {68603392, 147417733, 290306694, 121249032, 168974601, 171039241, 239818120, 2956812, 243783434, 148906895, 152426005, 5129494, 243746587, 175158428, 228155295, 104742951, 88613416, 189961386, 185086509, 152085294, 88596532, 210523445, 86828086, 47549624, 26289213, 64304580, 172952009, 6316617, 206096716, 166066638, 282974287, 42287823, 205898837, 78666584, 151872474, 199847776, 111068774, 222792684, 5918060, 10625647, 121424884, 122425213}
243783434
	 {170592770, 147417733, 290306694, 168974601, 150714249, 197771787, 148906895, 102186002, 152426005, 5129494, 243746587, 144513698, 138609700, 104742951, 88613416, 34094379, 86139694, 164277806, 423796399, 88596532, 210523445, 86828086, 47549624, 252642233, 136928953, 61094587, 26289213, 165640766, 64304580, 6316617, 158837066, 224304589, 282974287, 100173013, 78666584, 30216280, 107534557, 267599840, 167858535, 5918060, 150558189, 36828780}
222792684
	 {68603392, 34746243, 147417733, 290306694, 239818120, 150714249, 170091146, 2956812, 80096908, 292741005, 148906895, 138096016, 233534865, 140051985, 152426005, 5129494, 175158428, 151138717, 114497828, 88613416, 185086509, 245122354, 88596532, 86828086, 47549624, 225941180, 158837066, 4516987, 90644042, 100173013, 290972119, 78666584, 151872474, 199847776, 267991398, 210624874, 338302319, 73741424, 121424884, 52450171, 122425213}
167539546
	 {304603906, 290306694, 171039241, 197771787, 2956812, 233854092, 140051985, 98530963, 243746587, 380845599, 438943136, 472309666, 209463077, 209044777, 167859114, 34094379, 236825002, 164277806, 199626542, 372824885, 210523445, 252642233, 12144956, 150490301, 165640766, 232272832, 224444359, 139429320, 224304589, 54792021, 30216280, 195247327, 79881311, 186122975, 379866082, 7153638, 413322605, 12489585, 507364084, 199951862}
171039241
	 {102892035, 290306694, 150714249, 102186002, 152426005, 168037526, 5129494, 243746587, 104742951, 189961386, 204397611, 199373871, 210523445, 86828086, 209272119, 372824885, 12144956, 26289213, 221353662, 64880318, 171165131, 224304589, 42287823, 225736145, 18869204, 100173013, 54792021, 78666584, 167539546, 151872474, 194489694, 267599840, 111068774, 173217382, 7153638, 271061482, 150558189, 10625647, 97653747}
332943714
	 {170592770, 34746243, 154396548, 290306694, 184313222, 150714249, 140051985, 98530963, 93664533, 221263003, 209463077, 104742951, 88613416, 236825002, 56755758, 423796399, 138177715, 210523445, 133544248, 171871544, 12144956, 26289213, 165640766, 151208253, 232272832, 163608766, 150490301, 225941180, 87413707, 138115421, 194489694, 195247327, 267599840, 379866082, 114776804, 507364084, 161882869, 222479355}
199373871
	 {68603392, 290306694, 239818120, 171039241, 278461832, 289800971, 2956812, 11529230, 78633748, 6053012, 5129494, 193702434, 6944037, 104742951, 88613416, 189961386, 205067947, 152085294, 56755758, 423796399, 174673586, 372824885, 210523445, 101457846, 47549624, 12144956, 26289213, 224444359, 42287823, 78666584, 173865179, 7153638, 5918060, 150558189, 10625647, 48324726, 4516987, 2203645}
150490301
	 {170592770, 154396548, 290306694, 184313222, 168974601, 195244048, 98530963, 93664533, 63187225, 174733083, 190095389, 236825002, 176390826, 34094379, 325878449, 224215603, 210523445, 209272119, 133544248, 171871544, 225941180, 232272832, 87413707, 224304589, 78666584, 167539546, 138115421, 162299229, 195247327, 267599840, 332943714, 111068774, 7153638, 208693096, 413322605, 507364084, 52450171, 243720061}
107534557
	 {68603392, 150714249, 243783434, 165218571, 197771787, 146422031, 138096016, 5129494, 243746587, 92585502, 261544232, 88613416, 189961386, 34094379, 210523445, 101457846, 209272119, 252642233, 12144956, 26289213, 225941180, 322889280, 172952009, 158837066, 206096716, 42287823, 105795410, 78666584, 90902620, 267599840, 111068774, 167858535, 7153638, 269109484, 10625647, 247638650}
151208253
	 {170592770, 240253698, 304603906, 251149573, 154396548, 117459464, 197771787, 140051985, 93664533, 174733083, 345103899, 227841826, 209463077, 199626542, 245122354, 210523445, 163608766, 165640766, 133521599, 232272832, 323581651, 227188699, 195247327, 332943714, 379866082, 5918060, 150558189, 642065774, 10625647, 307023215, 238706545, 507364084, 161882869, 199951862, 81769463, 243720061}
48798224
	 {184313222, 168974601, 150714249, 197771787, 140051985, 233534865, 174733083, 83568283, 345103899, 236825002, 34094379, 132993580, 174673586, 224215603, 210523445, 306790325, 47549624, 162059324, 322889280, 232272832, 341011526, 78666584, 159684953, 90902620, 162299229, 267599840, 213304801, 111068774, 413322605, 10625647, 238706545, 169568245, 371430775, 247638650, 243720061, 212525694}
84214403
	 {154396548, 251149573, 168974601, 197771787, 236044687, 195244048, 140051985, 278934545, 78633748, 152426005, 93664533, 345103899, 153402141, 438943136, 354373541, 256686505, 176390826, 236825002, 132993580, 390571568, 325878449, 138177715, 210523445, 171871544, 12144956, 232272832, 209488975, 138115421, 195247327, 221329376, 413322605, 175818990, 642065774, 161882869, 371430775, 243720061}
176390826
	 {84214403, 154396548, 290306694, 178383880, 197771787, 195244048, 130188944, 244471186, 98530963, 221263003, 174733083, 190095389, 227841826, 275532324, 421581863, 34094379, 423796399, 192636977, 325878449, 138177715, 72513972, 210523445, 271961523, 217084856, 133544248, 150490301, 165640766, 224444359, 54792021, 138115421, 159598686, 195247327, 642065774, 145251185, 163917685, 262263549}
325878449
	 {84214403, 290306694, 197771787, 289800971, 278934545, 140051985, 271231898, 345103899, 174733083, 190095389, 227841826, 209463077, 236825002, 176390826, 138177715, 271961523, 372824885, 210523445, 217084856, 252642233, 171871544, 385953853, 165640766, 163608766, 150490301, 224444359, 87413707, 78666584, 195247327, 7153638, 144991852, 413322605, 175818990, 642065774, 106330098, 507364084}
507364084
	 {170592770, 304603906, 411341571, 154396548, 290306694, 278461832, 168974601, 197771787, 93664533, 472309666, 209463077, 209044777, 189961386, 236825002, 325878449, 210523445, 171871544, 136928953, 252642233, 150490301, 165640766, 151208253, 291822399, 232272832, 30216280, 235230041, 167539546, 195247327, 186122975, 332943714, 379866082, 413322605, 642065774, 199951862, 243720061}
251149573
	 {84214403, 168974601, 150714249, 289800971, 186851087, 236044687, 199031442, 98530963, 93664533, 345103899, 438943136, 209463077, 423796399, 390571568, 245122354, 374779957, 351357622, 210523445, 133544248, 171871544, 481853242, 36135099, 12144956, 473337021, 163608766, 165640766, 151208253, 326208087, 78666584, 227188699, 595076316, 243720061, 287265776, 510809213, 164207230}
278461832
	 {290306694, 168974601, 197771787, 11529230, 233534865, 5129494, 174733083, 345103899, 34094379, 199373871, 390571568, 210523445, 372824885, 171871544, 26289213, 64880318, 221353662, 165640766, 232272832, 300286151, 216216776, 224444359, 54792021, 151872474, 194489694, 173217382, 7153638, 271061482, 5918060, 413322605, 10625647, 97653747, 507364084, 259109236, 52450171}
120007101
	 {373245441, 170592770, 48483970, 290306694, 197771787, 2956812, 194105616, 180365974, 174733083, 228155295, 138609700, 104742951, 88613416, 204397611, 94604588, 152085294, 56755758, 210523445, 101457846, 47549624, 136928953, 26289213, 99521342, 76025405, 42287823, 225736145, 78666584, 159684953, 278931930, 16447070, 213304801, 5918060, 243947380, 265972599}
97653747
	 {48483970, 278461832, 171039241, 168974601, 201564683, 2956812, 233854092, 140051985, 6053012, 93664533, 5129494, 100185118, 144513698, 104742951, 34094379, 256664492, 86139694, 210523445, 372824885, 209272119, 101457846, 36135099, 12144956, 26289213, 75563326, 88063046, 224444359, 139429320, 225736145, 78666584, 173217382, 84770796, 10625647, 371430775}
4516987
	 {68603392, 147417733, 239818120, 18356489, 150714249, 2956812, 11529230, 6053012, 152426005, 135567002, 175158428, 3882911, 138609700, 6944037, 1852326, 421581863, 6461995, 205067947, 185086509, 199373871, 155226421, 47549624, 252642233, 172952009, 158837066, 206096716, 5807440, 78666584, 199847776, 7153638, 222792684, 5918060, 12489585, 2203645}
174673586
	 {239818120, 18356489, 150714249, 2956812, 80096908, 292741005, 48798224, 233534865, 220421397, 5129494, 175158428, 421581863, 88613416, 189961386, 34094379, 152085294, 180984751, 199373871, 372824885, 210523445, 209272119, 322889280, 30312256, 224444359, 206096716, 42287823, 54792021, 173865179, 62594909, 267599840, 7153638, 413322605, 81769463, 2203645}
155226421
	 {170592770, 34746243, 290306694, 150714249, 2956812, 140051985, 98530963, 190095389, 228155295, 421581863, 88613416, 17825191, 86139694, 210523445, 372824885, 252642233, 388111162, 76025405, 75563326, 118767424, 139429320, 172952009, 18869204, 78666584, 195247327, 111068774, 7153638, 269109484, 5918060, 150558189, 12489585, 81769463, 4516987}
271061482
	 {68603392, 240253698, 290306694, 212597256, 171039241, 168974601, 278461832, 140051985, 102186002, 98530963, 5129494, 92585502, 221176993, 86139694, 210523445, 372824885, 252642233, 26289213, 64880318, 224444359, 172952009, 171165131, 78666584, 227188699, 194489694, 195247327, 111068774, 209666155, 5918060, 413322605, 150558189, 10625647, 259109236}
150558189
	 {68603392, 290306694, 171039241, 243783434, 2956812, 148906895, 69690897, 102186002, 168037526, 243746587, 438943136, 209044777, 185086509, 199373871, 155226421, 210523445, 101457846, 47549624, 252642233, 26289213, 151208253, 172952009, 224304589, 290972119, 30216280, 78666584, 79881311, 267599840, 111068774, 267991398, 7153638, 271061482, 5918060}
185086509
	 {5579776, 68603392, 147417733, 121249032, 239818120, 150714249, 148906895, 194105616, 152426005, 175158428, 88613416, 226281256, 261544232, 86828086, 47549624, 225941180, 99521342, 341011526, 172952009, 206096716, 100173013, 78666584, 173865179, 199847776, 221443425, 222792684, 150558189, 73741424, 243947380, 121424884, 4516987, 22346494}
36828780
	 {151848321, 51903880, 18356489, 168974601, 165218571, 243783434, 46942999, 160116249, 151138717, 286458272, 144513698, 227841826, 170312104, 259081770, 189961386, 152085294, 210523445, 101457846, 61094587, 140065340, 427299132, 38890561, 42287823, 162299229, 232233440, 133690981, 225532262, 167858535, 7153638, 257556203, 5918060, 10625647}
122425213
	 {68603392, 184313222, 168974601, 150714249, 140051985, 164207379, 93664533, 220421397, 209044777, 189961386, 152085294, 209272119, 191886137, 252642233, 225941180, 165640766, 322889280, 172952009, 224304589, 166066638, 282974287, 100173013, 326208087, 30216280, 290972119, 133690981, 111068774, 225532262, 5918060, 222792684, 10625647, 212525694}
56755758
	 {68603392, 239818120, 18356489, 150714249, 197771787, 2956812, 69690897, 140051985, 152426005, 127416860, 104742951, 88613416, 189961386, 199373871, 210523445, 12144956, 26289213, 120007101, 322889280, 30312256, 206096716, 42287823, 78666584, 62594909, 332943714, 168448099, 111068774, 173217382, 7153638, 269109484, 10625647}
133690981
	 {170592770, 150714249, 198938250, 201564683, 233854092, 140051985, 233534865, 93664533, 151138717, 227841826, 189323945, 189961386, 236825002, 132993580, 152085294, 136928953, 140065340, 221353662, 80415319, 290972119, 162299229, 16447070, 7153638, 167858535, 36828780, 163917685, 352168437, 80695289, 222479355, 122425213, 212525694}
80096908
	 {68603392, 290306694, 239818120, 150714249, 152426005, 175158428, 261544232, 226281256, 189961386, 174673586, 224215603, 372824885, 86828086, 210523445, 237586744, 225941180, 26289213, 224444359, 172952009, 206096716, 166066638, 54792021, 290972119, 78666584, 151872474, 173865179, 213304801, 267991398, 167858535, 222792684, 413322605}
75563326
	 {34746243, 155254152, 152426005, 243746587, 3882911, 228155295, 205067947, 235859116, 86139694, 75240112, 131546420, 155226421, 47549624, 252642233, 26289213, 76025405, 118767424, 139429320, 172013002, 90644042, 225736145, 78666584, 139218011, 62594909, 86824543, 267991398, 7153638, 80384114, 97653747, 159817977}
233854092
	 {154396548, 168974601, 201564683, 138096016, 140051985, 93664533, 168037526, 380845599, 228155295, 147744891, 132993580, 423796399, 372824885, 210523445, 252642233, 136928953, 291822399, 231602242, 282974287, 99298683, 316961238, 30216280, 167539546, 138115421, 79881311, 269857380, 133690981, 97653747, 222479355, 159270911}
175158428
	 {5579776, 68603392, 147417733, 239818120, 150714249, 80096908, 148906895, 152426005, 261544232, 226281256, 185086509, 443136813, 180984751, 174673586, 372824885, 237586744, 47549624, 225941180, 206096716, 224304589, 100173013, 54792021, 78666584, 151872474, 173865179, 199847776, 213304801, 267991398, 222792684, 4516987}
159270911
	 {373245441, 348224516, 381113096, 239818120, 162265228, 233854092, 138096016, 217418257, 157241241, 438943136, 136611246, 167751598, 390571568, 245122354, 394518068, 473337021, 216216776, 172952009, 162299229, 195247327, 232233440, 199847776, 236398690, 103894757, 267991398, 288948966, 399530604, 307023215, 316133496, 212525694}
222479355
	 {170592770, 185953283, 154396548, 168974601, 201564683, 233854092, 138096016, 140051985, 98530963, 93664533, 100185118, 144513698, 227326627, 189323945, 189961386, 236825002, 210523445, 136928953, 12144956, 165640766, 221353662, 224444359, 265348432, 111985504, 332943714, 133690981, 167858535, 371430775, 243720061}
131546420
	 {68603392, 150714249, 135567002, 127416860, 228155295, 193702434, 138609700, 104742951, 88613416, 34094379, 235859116, 152085294, 210523445, 61094587, 12144956, 26289213, 75563326, 76025405, 322889280, 225941180, 206096716, 224304589, 151872474, 267599840, 111068774, 7153638, 80384114, 85020018, 159817977}
371430775
	 {178342529, 84214403, 289066502, 168974601, 201564683, 463289100, 48798224, 140051985, 100185118, 144513698, 256664492, 210523445, 209272119, 162059324, 12144956, 64880318, 221353662, 232272832, 323581651, 210835290, 111985504, 173217382, 167858535, 413322605, 10625647, 97653747, 169568245, 195140727, 222479355}
76025405
	 {373245441, 194105616, 152426005, 243746587, 235859116, 131546420, 155226421, 280327866, 120007101, 99521342, 75563326, 118767424, 172952009, 172013002, 225736145, 78666584, 151872474, 139218011, 278931930, 35226335, 111985504, 86824543, 182636387, 7153638, 80384114, 85020018, 159817977, 52450171, 337430399}
167858535
	 {68603392, 243783434, 80096908, 152426005, 151138717, 3882911, 144513698, 189323945, 189961386, 171705647, 209272119, 36135099, 12144956, 26289213, 88063046, 78666584, 107534557, 213304801, 114776804, 133690981, 111068774, 173217382, 257556203, 36828780, 5918060, 10625647, 371430775, 222479355}
240253698
	 {290306694, 272892047, 217418257, 140051985, 345103899, 209463077, 170312104, 236825002, 138177715, 210523445, 306790325, 12144956, 151208253, 163608766, 191178317, 221530451, 54792021, 227188699, 195247327, 429050720, 267599840, 320718180, 271061482, 413322605, 642065774, 238706545, 265972599, 510809213}
86828086
	 {68603392, 34746243, 147417733, 290306694, 239818120, 171039241, 243783434, 80096908, 148906895, 152426005, 88613416, 189961386, 185086509, 88596532, 210523445, 47549624, 26289213, 64304580, 172952009, 90644042, 206096716, 100173013, 78666584, 267991398, 222792684, 5918060, 10625647, 121424884}
194105616
	 {170592770, 48483970, 239818120, 198938250, 162265228, 6053012, 423986205, 151138717, 259081770, 204397611, 185086509, 241326773, 210523445, 209272119, 136928953, 162059324, 76025405, 120007101, 105795410, 80415319, 78666584, 162299229, 16447070, 220588777, 210624874, 5918060, 352168437}
61094587
	 {68603392, 290306694, 18356489, 243783434, 150714249, 148906895, 6053012, 93664533, 5129494, 46942999, 210244254, 144513698, 104742951, 189961386, 152085294, 131546420, 210523445, 12144956, 26289213, 221353662, 232272832, 326208087, 151872474, 7153638, 5918060, 36828780, 10942708}
171871544
	 {170592770, 84214403, 154396548, 251149573, 290306694, 178383880, 278461832, 197771787, 140051985, 98530963, 345103899, 438943136, 236825002, 390571568, 325878449, 210523445, 225941180, 150490301, 232272832, 323581651, 332943714, 7153638, 413322605, 507364084, 81769463, 157716217, 243720061}
238706545
	 {240253698, 184313222, 272892047, 48798224, 140051985, 217418257, 244471186, 93664533, 345103899, 209463077, 236825002, 34094379, 394518068, 306790325, 252642233, 12144956, 151208253, 221530451, 326208087, 227188699, 195247327, 429050720, 267599840, 320718180, 225532262, 265972599, 510809213}
132993580
	 {84214403, 168974601, 150714249, 197771787, 233854092, 48798224, 140051985, 93664533, 221263003, 153402141, 17825191, 256686505, 189961386, 34094379, 236825002, 210523445, 12144956, 209488975, 151872474, 133690981, 111068774, 209666155, 413322605, 147744891, 243720061, 212525694}
326208087
	 {304603906, 251149573, 212597256, 140051985, 199031442, 98530963, 93664533, 83568283, 472309666, 34094379, 390571568, 210523445, 388111162, 61094587, 396740806, 91494604, 30216280, 227188699, 195247327, 186122975, 288948966, 35019111, 209666155, 201321451, 238706545, 122425213}
148906895
	 {147417733, 290306694, 121249032, 243783434, 152426005, 243746587, 175158428, 88613416, 189961386, 185086509, 88596532, 210523445, 86828086, 47549624, 237586744, 61094587, 26289213, 6316617, 172952009, 100173013, 78666584, 199847776, 5918060, 150558189, 222792684, 510809213}
144513698
	 {178342529, 243783434, 201564683, 152426005, 5129494, 151138717, 100185118, 443136813, 171705647, 209272119, 61094587, 36135099, 26289213, 12144956, 88063046, 151872474, 168448099, 173217382, 167858535, 201321451, 5918060, 36828780, 97653747, 371430775, 222479355}
11529230
	 {290306694, 278461832, 168974601, 197771787, 2956812, 6053012, 6944037, 104742951, 6461995, 34094379, 199373871, 210523445, 372824885, 209272119, 225941180, 91494604, 1078732, 42287823, 5918060, 413322605, 10625647, 12489585, 172711928, 4516987, 2203645}
138609700
	 {68603392, 170592770, 147417733, 290306694, 243783434, 300911509, 88613416, 34094379, 224788395, 423796399, 131546420, 210523445, 47549624, 136928953, 252642233, 323671611, 26289213, 120007101, 6316617, 158837066, 224304589, 225736145, 5918060, 4516987, 193602173}
642065774
	 {240253698, 84214403, 197771787, 195244048, 140051985, 278934545, 174733083, 176390826, 167751598, 423796399, 325878449, 245122354, 138177715, 210523445, 136928953, 385953853, 163608766, 165640766, 151208253, 383492413, 95448906, 78666584, 195247327, 507364084, 161882869}
228155295
	 {155254152, 233854092, 385757466, 47595686, 189961386, 6461995, 235859116, 443136813, 205067947, 131546420, 155226421, 101457846, 120007101, 99521342, 75563326, 139429320, 225736145, 100173013, 367492695, 78666584, 7153638, 10625647, 80384114, 85020018, 159817977}
256686505
	 {84214403, 212597256, 168974601, 150714249, 272892047, 236044687, 278934545, 397681807, 385757466, 174733083, 345103899, 153402141, 170312104, 178583465, 132993580, 252642233, 12144956, 163608766, 21561414, 95448906, 209488975, 221329376, 269109484, 599035760}
52450171
	 {5579776, 170592770, 184313222, 278461832, 168974601, 138096016, 140051985, 243746587, 204397611, 34094379, 245122354, 224215603, 185207604, 210523445, 136928953, 150490301, 165640766, 76025405, 179259332, 300286151, 282974287, 111985504, 310732263, 222792684}
245122354
	 {251149573, 184313222, 178383880, 168974601, 236044687, 138096016, 140051985, 227326627, 147744891, 210523445, 151208253, 165640766, 232272832, 137147968, 78666584, 210835290, 168448099, 114776804, 222792684, 144991852, 642065774, 338302319, 52450171, 159270911}
138096016
	 {222479355, 168974601, 201564683, 233854092, 2956812, 140051985, 221263003, 380845599, 34094379, 245122354, 210523445, 252642233, 12144956, 383492413, 221353662, 179259332, 224444359, 54792021, 78666584, 107534557, 222792684, 12489585, 52450171, 159270911}
225736145
	 {96469505, 373245441, 290306694, 171039241, 380845599, 228155295, 138609700, 189961386, 152085294, 221270069, 210523445, 252642233, 136928953, 120007101, 99521342, 75563326, 76025405, 78666584, 56429786, 139458653, 119413601, 201321451, 97653747, 212525694}
322889280
	 {239818120, 150714249, 197771787, 48798224, 164207379, 93664533, 135567002, 83568283, 209044777, 34094379, 56755758, 174673586, 131546420, 210523445, 372824885, 12144956, 225941180, 206096716, 224304589, 166066638, 159684953, 107534557, 267599840, 122425213}
48483970
	 {170592770, 194105616, 180365974, 84141213, 259081770, 271961523, 241326773, 209272119, 136928953, 120007101, 88063046, 105795410, 80415319, 16447070, 213304801, 168448099, 150302567, 220588777, 257556203, 5918060, 10625647, 97653747, 352168437, 163917685}
151138717
	 {170592770, 51903880, 198938250, 194105616, 233534865, 6053012, 144513698, 189961386, 136928953, 36135099, 12144956, 26289213, 16447070, 133690981, 173217382, 167858535, 36828780, 352650988, 5918060, 10625647, 222792684, 163917685, 352168437}
259081770
	 {170592770, 48483970, 168974601, 198938250, 165218571, 300634639, 194105616, 221263003, 84141213, 423986205, 227326627, 17825191, 241326773, 209272119, 136928953, 163608766, 21561414, 105795410, 80415319, 16447070, 36828780, 352168437, 22346494}
221353662
	 {278461832, 171039241, 168974601, 292741005, 146422031, 138096016, 233534865, 93664533, 150231199, 104742951, 189961386, 204397611, 210523445, 61094587, 140065340, 232272832, 133690981, 111068774, 5918060, 413322605, 371430775, 222479355, 2203645}
269109484
	 {168974601, 150714249, 146422031, 140051985, 98530963, 256686505, 236825002, 189961386, 34094379, 152085294, 56755758, 423796399, 155226421, 209272119, 225941180, 12144956, 179259332, 209488975, 90902620, 107534557, 267599840, 10625647}
244471186
	 {648197127, 178383880, 186851087, 345103899, 275532324, 222182056, 170312104, 176390826, 192636977, 271961523, 72513972, 12144956, 347823818, 54792021, 284112094, 195247327, 221329376, 145251185, 238706545, 163917685, 195140727, 510809213}
210244254
	 {239818120, 18356489, 150714249, 152426005, 5129494, 46942999, 157241241, 223632538, 92585502, 189961386, 152085294, 164277806, 61094587, 12144956, 137147968, 151872474, 162299229, 7153638, 5918060, 10625647, 60239217}
438943136
	 {84214403, 154396548, 251149573, 117459464, 150714249, 217418257, 93664533, 168037526, 174733083, 345103899, 236825002, 390571568, 101457846, 171871544, 30216280, 167539546, 227188699, 413322605, 150558189, 157716217, 243720061}
138115421
	 {84214403, 154396548, 197771787, 233854092, 130188944, 98530963, 93664533, 182527770, 190095389, 227841826, 176390826, 263235631, 138177715, 133544248, 150490301, 81110218, 30216280, 332943714, 243720061, 262263549}
162299229
	 {151848321, 18356489, 194105616, 48798224, 233534865, 157241241, 210244254, 189961386, 152085294, 210523445, 140065340, 150490301, 38890561, 367492695, 133690981, 7153638, 36828780, 247638650, 212525694, 159270911}
271961523
	 {170592770, 48483970, 178383880, 244471186, 174733083, 275532324, 222182056, 176390826, 192636977, 325878449, 72513972, 217084856, 136928953, 80415319, 16447070, 5918060, 145251185, 106330098, 163917685, 262263549}
139429320
	 {155254152, 168974601, 84551435, 2956812, 5129494, 228155295, 189961386, 6461995, 205067947, 155226421, 26289213, 75563326, 21561414, 78666584, 167539546, 62594909, 7153638, 12489585, 80384114, 97653747}
213304801
	 {373245441, 48483970, 498773131, 80096908, 48798224, 174733083, 175158428, 443136813, 209272119, 120007101, 99521342, 88063046, 78666584, 15441368, 16447070, 35226335, 167858535, 5918060, 10625647, 243947380}
390571568
	 {84214403, 251149573, 278461832, 170091146, 140051985, 217418257, 93664533, 438943136, 34094379, 171871544, 163608766, 232272832, 216216776, 54792021, 326208087, 227188699, 195247327, 161882869, 243720061, 159270911}
227326627
	 {170592770, 168974601, 201564683, 140051985, 98530963, 259081770, 245122354, 210523445, 191886137, 136928953, 163608766, 179259332, 21561414, 224444359, 210835290, 80695289, 338302319, 298376569, 222479355}
189323945
	 {304603906, 212597256, 289800971, 278934545, 174005394, 199031442, 78633748, 324683159, 472309666, 252642233, 224304589, 78666584, 159598686, 111985504, 133690981, 7153638, 167858535, 481217650, 222479355}
180984751
	 {68603392, 290306694, 239818120, 150714249, 152426005, 175158428, 64940072, 88613416, 443136813, 174673586, 64304580, 224444359, 158837066, 91494604, 224304589, 54792021, 267991398, 201321451, 121424884}
102186002
	 {102892035, 171039241, 243783434, 5129494, 210523445, 26289213, 134199614, 64880318, 224444359, 171165131, 206096716, 224304589, 42287823, 54792021, 111068774, 271061482, 84770796, 150558189, 10625647}
101457846
	 {168037526, 183385883, 228155295, 438943136, 221176993, 189961386, 199373871, 210523445, 120007101, 78666584, 30216280, 263195994, 107534557, 79881311, 173217382, 5918060, 150558189, 36828780, 97653747}
170312104
	 {232272832, 240253698, 320718180, 225532262, 256686505, 36828780, 272892047, 195244048, 236044687, 430873279, 221530451, 244471186, 93664533, 169879576, 157716217, 174733083, 22346494, 269482655}
86139694
	 {290306694, 21561414, 239818120, 172952009, 189961386, 243783434, 352650988, 271061482, 75240112, 69690897, 184685105, 97653747, 259109236, 155226421, 210523445, 78666584, 252642233, 75563326}
136330319
	 {193702434, 170640291, 142107652, 290306694, 72419336, 164573866, 600429962, 213939244, 173192845, 5918060, 338302319, 78666584, 355643605, 152986518, 224386967, 237586744, 92585502, 161633823}
159684953
	 {322889280, 239818120, 18356489, 158837066, 168974601, 87413707, 189961386, 34094379, 224304589, 48798224, 140051985, 150714249, 290972119, 47549624, 24784121, 151872474, 120007101}
352168437
	 {209272119, 170592770, 48483970, 151138717, 133690981, 259081770, 198938250, 243720061, 194105616, 105795410, 81769463, 241326773, 163917685, 80415319, 136928953, 423986205, 16447070}
152986518
	 {159179937, 193702434, 168448099, 142107652, 170640291, 172952009, 164573866, 148683149, 57084174, 136330319, 241326773, 210523445, 195293431, 237586744, 157731833, 26289213, 161633823}
227841826
	 {154396548, 133690981, 176390826, 158501195, 36828780, 236825002, 325878449, 138177715, 93664533, 351357622, 210523445, 133544248, 182527770, 174733083, 138115421, 151208253, 326681662}
199847776
	 {221443425, 147417733, 88613416, 172952009, 239818120, 226281256, 222792684, 185086509, 148906895, 90025108, 100173013, 152426005, 78666584, 4516987, 175158428, 47549624, 159270911}
173865179
	 {68603392, 267599840, 225941180, 267991398, 226281256, 239818120, 150714249, 172952009, 80096908, 185086509, 206096716, 199373871, 224304589, 174673586, 5129494, 175158428}
72513972
	 {275532324, 178383880, 176390826, 197771787, 347823818, 463289100, 192636977, 145251185, 323581651, 244471186, 163917685, 271961523, 281105343, 174733083, 159598686, 133521599}
212525694
	 {133690981, 150714249, 204397611, 170592428, 132993580, 122425213, 48798224, 233534865, 225736145, 140051985, 168037526, 290972119, 247638650, 159270911, 162299229, 195247327}
184313222
	 {232272832, 332943714, 168974601, 150714249, 34094379, 122425213, 152085294, 48798224, 140051985, 245122354, 224215603, 98530963, 93664533, 238706545, 52450171, 150490301}
380845599
	 {103502112, 96469505, 7153638, 167859114, 2956812, 233854092, 164277806, 282974287, 138096016, 225736145, 80384114, 30216280, 252642233, 167539546, 139458653, 79881311}
164277806
	 {103502112, 185953283, 7153638, 243783434, 167859114, 235859116, 172013002, 22346494, 282974287, 265348432, 30216280, 252642233, 167539546, 243746587, 210244254, 380845599}
323581651
	 {232272832, 154396548, 104742951, 117459464, 648197127, 236825002, 197771787, 463289100, 243720061, 72513972, 93664533, 371430775, 171871544, 151208253, 559352541, 133521599}
192636977
	 {34646429, 275532324, 648197127, 178383880, 222182056, 176390826, 347823818, 145251185, 244471186, 271961523, 72513972, 163917685, 174733083, 262263549, 159598686}
80384114
	 {7153638, 139429320, 205067947, 235859116, 62594909, 86824543, 85020018, 131546420, 228155295, 159817977, 280327866, 139218011, 76025405, 75563326, 380845599}
91494604
	 {324683159, 304603906, 472309666, 21561414, 35019111, 457407878, 11529230, 180984751, 76675729, 12489585, 326208087, 3882911, 227188699, 34646429, 186122975}
212597256
	 {221329376, 256686505, 271061482, 209666155, 189323945, 150714249, 232056747, 236044687, 140051985, 259909233, 161882869, 326208087, 78666584, 252642233, 195247327}
87413707
	 {232272832, 332943714, 236825002, 197771787, 34094379, 413322605, 224304589, 325878449, 98530963, 93664533, 210523445, 81769463, 159684953, 150490301, 165640766}
79881311
	 {111985504, 96469505, 118767424, 167859114, 233854092, 150558189, 282974287, 168037526, 280327866, 30216280, 252642233, 167539546, 243746587, 101457846, 380845599}
220421397
	 {209933889, 102892035, 290306694, 189961386, 39405387, 206096716, 5918060, 152085294, 292741005, 174673586, 152426005, 5129494, 151872474, 122425213, 22346494}
64880318
	 {221176993, 194489694, 278461832, 171039241, 271061482, 171165131, 10625647, 102186002, 5129494, 371430775, 169879576, 157241241, 243746587, 225941180, 22346494}
105795410
	 {170592770, 48483970, 220588777, 259081770, 198938250, 352650988, 209488975, 194105616, 352168437, 209272119, 136928953, 247638650, 90902620, 107534557, 16447070}
62594909
	 {7153638, 139429320, 189961386, 205067947, 2956812, 56755758, 10625647, 80384114, 174673586, 372824885, 5129494, 30216280, 151872474, 75563326, 86824543}
158837066
	 {137147968, 138609700, 224444359, 252642233, 243783434, 34094379, 144991852, 224304589, 222792684, 180984751, 54792021, 159684953, 4516987, 107534557}
256664492
	 {371430775, 173217382, 289066502, 164207230, 201564683, 243720061, 97653747, 210523445, 195140727, 345103899, 12144956, 510809213, 100185118, 284112094}
278934545
	 {84214403, 165640766, 256686505, 189323945, 95448906, 642065774, 236044687, 195244048, 184685105, 325878449, 138177715, 159598686, 163608766, 195247327}
100185118
	 {178342529, 144513698, 179259332, 173217382, 201564683, 256664492, 338302319, 97653747, 209272119, 47549624, 210835290, 222479355, 12144956, 371430775}
481217650
	 {304603906, 472309666, 457407878, 189323945, 178583465, 224304589, 195244048, 217418257, 161882869, 210523445, 54792021, 345103899, 225941180, 195247327}
205067947
	 {51917413, 7153638, 139429320, 6461995, 2956812, 199373871, 12489585, 80384114, 48324726, 30216280, 4516987, 62594909, 75563326, 228155295}
34746243
	 {332943714, 114776804, 267991398, 88613416, 90644042, 222792684, 42287823, 155226421, 372824885, 86828086, 78666584, 26289213, 75563326, 3882911}
351357622
	 {438943136, 133521599, 227841826, 154396548, 251149573, 117459464, 81110218, 158501195, 287265776, 210523445, 174733083, 326681662, 195247327}
304603906
	 {324683159, 472309666, 209463077, 457407878, 189323945, 91494604, 224304589, 481217650, 507364084, 326208087, 167539546, 151208253, 186122975}
46942999
	 {38890561, 117769734, 7153638, 18356489, 65153578, 5918060, 45450573, 152085294, 36828780, 75240112, 61094587, 2203645, 210244254}
379866082
	 {332943714, 209463077, 209044777, 197771787, 5918060, 243720061, 507364084, 161882869, 81769463, 167539546, 151208253, 165640766, 195247327}
421581863
	 {232272832, 58597570, 224444359, 176390826, 4516987, 197771787, 236825002, 224304589, 174673586, 155226421, 199951862, 81769463, 345103899}
510809213
	 {240253698, 251149573, 165640766, 224788395, 256664492, 148906895, 238706545, 244471186, 382412786, 195140727, 323671611, 12144956, 284112094}
221263003
	 {332943714, 21561414, 168974601, 176390826, 259081770, 132993580, 423796399, 236044687, 138096016, 210523445, 383451991, 163608766, 165640766}
171165131
	 {194489694, 290306694, 171039241, 271061482, 224304589, 10625647, 102186002, 210523445, 5129494, 54792021, 174733083, 2203645, 64880318}
144991852
	 {232272832, 137147968, 239818120, 158837066, 197771787, 235859116, 224304589, 166066638, 325878449, 245122354, 78666584, 252642233, 209482620}
472309666
	 {324683159, 304603906, 209463077, 457407878, 189323945, 91494604, 224304589, 481217650, 507364084, 306790325, 326208087, 167539546, 186122975}
272892047
	 {240253698, 320718180, 170312104, 256686505, 140051985, 238706545, 291822399, 306790325, 265972599, 385757466, 345103899, 195247327}
133521599
	 {117459464, 463289100, 146422031, 287265776, 323581651, 72513972, 93664533, 351357622, 151208253, 174733083, 559352541, 281105343}
355643605
	 {142107652, 164276581, 316152038, 331503624, 164573866, 213678796, 136330319, 301566129, 195785362, 293093137, 195144442, 161633823}
133544248
	 {227841826, 332943714, 154396548, 251149573, 209463077, 176390826, 197771787, 98530963, 210523445, 345103899, 138115421, 150490301}
225532262
	 {232272832, 354373541, 170312104, 36828780, 152085294, 307023215, 238706545, 174005394, 93664533, 306790325, 12144956, 122425213}
117459464
	 {438943136, 104742951, 165218571, 186851087, 323581651, 93664533, 351357622, 179222584, 157716217, 174733083, 151208253, 133521599}
275532324
	 {648197127, 178383880, 176390826, 347823818, 192636977, 145251185, 244471186, 271961523, 163917685, 72513972, 217084856, 174733083}
140065340
	 {178342529, 133690981, 189961386, 204397611, 36828780, 152085294, 233534865, 157241241, 331002236, 162299229, 221353662, 150231199}
463289100
	 {133521599, 215483970, 18356489, 323581651, 72513972, 169568245, 371430775, 174733083, 162059324, 559352541, 194489694, 281105343}
111985504
	 {232272832, 231602242, 337430399, 222479355, 189323945, 282974287, 316961238, 371430775, 78666584, 52450171, 76025405, 79881311}
145251185
	 {243746587, 275532324, 178383880, 176390826, 282974287, 192636977, 244471186, 271961523, 72513972, 163917685, 174733083, 159598686}
142107652
	 {159179937, 193702434, 386284707, 331503624, 164573866, 148683149, 136330319, 293093137, 355643605, 152986518, 224386967, 161633823}
178383880
	 {275532324, 176390826, 192636977, 244471186, 245122354, 72513972, 271961523, 145251185, 163917685, 171871544, 174733083, 291822399}
64304580
	 {290306694, 88613416, 434185320, 243783434, 180984751, 10625647, 88596532, 205898837, 86828086, 100173013, 152426005, 26289213}
199951862
	 {154396548, 209463077, 421581863, 236825002, 197771787, 413322605, 199626542, 507364084, 93664533, 81769463, 167539546, 151208253}
198938250
	 {170592770, 151138717, 133690981, 259081770, 194105616, 105795410, 163917685, 352168437, 80415319, 136928953, 209272119, 16447070}
36135099
	 {144513698, 251149573, 173217382, 150302567, 167858535, 34094379, 10625647, 97653747, 209272119, 12144956, 151138717}
164276581
	 {193702434, 316152038, 148683149, 57084174, 293093137, 355643605, 241326773, 195293431, 226659830, 157731833, 170565307}
102892035
	 {68603392, 171039241, 189961386, 84770796, 10625647, 42287823, 102186002, 220421397, 5129494, 15441368, 271231898}
411341571
	 {178583465, 236825002, 34094379, 195244048, 140051985, 507364084, 54792021, 345103899, 243720061, 163608766, 195247327}
153402141
	 {221329376, 84214403, 21561414, 168974601, 256686505, 132993580, 171705647, 599035760, 78633748, 252642233, 12144956}
99521342
	 {213304801, 373245441, 76025405, 185086509, 225736145, 243947380, 78666584, 278931930, 174733083, 120007101, 228155295}
167859114
	 {103502112, 7153638, 380845599, 164277806, 282974287, 280327866, 30216280, 223632538, 243746587, 167539546, 79881311}
162059324
	 {215483970, 204397611, 463289100, 48798224, 194105616, 233534865, 351361589, 367492695, 24784121, 209482620, 371430775}
9802821
	 {67687040, 86388545, 6944037, 551766246, 21561414, 104742951, 451926633, 173192845, 5807440, 446109296, 64165556}
6944037
	 {9802821, 1852326, 104742951, 18356489, 5918060, 2956812, 11529230, 199373871, 6053012, 4516987, 2203645}
172013002
	 {5579776, 118767424, 235859116, 164277806, 69690897, 85020018, 164207379, 180365974, 252642233, 76025405, 75563326}
118767424
	 {221443425, 159817977, 172013002, 235859116, 85020018, 90025108, 155226421, 24784121, 76025405, 75563326, 79881311}
209666155
	 {7153638, 212597256, 150714249, 271061482, 201321451, 132993580, 140051985, 326208087, 252642233, 227188699}
148683149
	 {386284707, 142107652, 164276581, 316152038, 57084174, 241326773, 152986518, 195293431, 226659830, 157731833}
290972119
	 {133690981, 310732263, 34094379, 222792684, 150558189, 80096908, 164207379, 159684953, 122425213, 212525694}
217418257
	 {438943136, 240253698, 224788395, 390571568, 238706545, 481217650, 174005394, 316133496, 12144956, 159270911}
443136813
	 {213304801, 144513698, 64940072, 239818120, 90644042, 180984751, 372824885, 152426005, 175158428, 228155295}
191886137
	 {96469505, 170592770, 168974601, 209044777, 5918060, 166066638, 282974287, 136928953, 252642233, 122425213}
171705647
	 {144513698, 42561476, 167858535, 197771787, 413322605, 5129494, 209272119, 95845339, 12144956, 153402141}
373245441
	 {213304801, 76025405, 12489585, 225736145, 324969239, 78666584, 278931930, 120007101, 99521342, 159270911}
92585502
	 {243746587, 150714249, 172952009, 271061482, 224304589, 136330319, 152426005, 83568283, 107534557, 210244254}
161633823
	 {193702434, 168448099, 142107652, 164573866, 213678796, 136330319, 293093137, 195785362, 355643605, 152986518}
209933889
	 {442004164, 290306694, 173217382, 189961386, 39405387, 5918060, 152085294, 220421397, 5129494, 22346494}
186851087
	 {251149573, 209463077, 368548967, 117459464, 251985582, 244471186, 324683159, 179222584, 243720061, 163608766}
208693096
	 {168974601, 236825002, 6461995, 197771787, 34094379, 413322605, 307023215, 174005394, 150490301, 134199614}
3882911
	 {267584194, 34746243, 22416870, 167858535, 35019111, 91494604, 67897942, 4516987, 2203645, 75563326}
84770796
	 {232233440, 102892035, 34094379, 152085294, 42287823, 10625647, 102186002, 97653747, 271231898, 22346494}
169568245
	 {151848321, 215483970, 7153638, 18356489, 168974601, 201564683, 463289100, 34094379, 48798224, 371430775}
385757466
	 {256686505, 95448906, 165218571, 477889931, 272892047, 382412786, 324683159, 345103899, 228155295}
259109236
	 {290306694, 224444359, 331503624, 278461832, 271061482, 150714249, 86139694, 243720061, 134199614}
166066638
	 {322889280, 80096908, 144991852, 5918060, 164207379, 100173013, 191886137, 83568283, 122425213}
114776804
	 {5579776, 254798018, 332943714, 34746243, 267991398, 167858535, 201321451, 245122354, 152426005}
164207379
	 {322889280, 209044777, 189961386, 172013002, 172952009, 224304589, 166066638, 290972119, 122425213}
209482620
	 {213356707, 47595686, 144991852, 423796399, 98530963, 78666584, 367492695, 47549624, 162059324}
201321451
	 {144513698, 114776804, 209666155, 152085294, 180984751, 225736145, 152426005, 326208087, 47549624}
423986205
	 {170592770, 259081770, 194105616, 241326773, 352168437, 209272119, 136928953, 84141213, 16447070}
88063046
	 {213304801, 144513698, 48483970, 168448099, 167858535, 5918060, 97653747, 180365974, 12144956}
477889931
	 {290306694, 381113096, 427841132, 136611246, 382412786, 385757466, 473337021, 163608766, 430873279}
324683159
	 {304603906, 472309666, 289066502, 189323945, 91494604, 136611246, 186851087, 385757466, 227188699}
136611246
	 {607024550, 381113096, 477889931, 140051985, 382412786, 324683159, 565288280, 159270911, 430873279}
30312256
	 {221443425, 7153638, 2956812, 56755758, 174673586, 354740117, 67897942, 78666584, 2203645}
95448906
	 {256686505, 642065774, 236044687, 278934545, 138177715, 161882869, 385757466, 163608766, 195247327}
210835290
	 {178342529, 231602242, 227326627, 201564683, 338302319, 140051985, 245122354, 371430775, 100185118}
193654647
	 {88613416, 81110218, 5918060, 20040880, 173182420, 205898837, 112146521, 239204284, 26289213}
306790325
	 {240253698, 472309666, 225532262, 272892047, 48798224, 238706545, 224215603, 221530451, 265972599}
179222584
	 {221329376, 227664163, 21561414, 117459464, 168974601, 178583465, 186851087, 161882869}
159598686
	 {189323945, 176390826, 278934545, 192636977, 145251185, 72513972, 163917685, 174733083}
316152038
	 {193702434, 170640291, 164276581, 148683149, 57084174, 293093137, 355643605, 241326773}
232233440
	 {286458272, 36828780, 84770796, 169879576, 271231898, 159270911, 385953853, 195247327}
178342529
	 {144513698, 204397611, 201564683, 233534865, 371430775, 210835290, 140065340, 100185118}
84141213
	 {170592770, 48483970, 259081770, 42287823, 241326773, 136928953, 423986205, 16447070}
284112094
	 {290306694, 256664492, 244471186, 210523445, 510809213, 195140727, 26289213, 165640766}
265348432
	 {103502112, 185953283, 236825002, 164277806, 316961238, 30216280, 151872474, 222479355}
85020018
	 {118767424, 7153638, 172013002, 235859116, 80384114, 131546420, 76025405, 228155295}
135567002
	 {322889280, 267599840, 224304589, 131546420, 173182420, 4516987, 22346494, 506079199}
157716217
	 {438943136, 21561414, 117459464, 168974601, 170312104, 236044687, 171871544, 163608766}
293093137
	 {269857380, 142107652, 316152038, 164276581, 164573866, 195785362, 355643605, 161633823}
243947380
	 {213304801, 99521342, 90025108, 152426005, 78666584, 225941180, 120007101, 47549624}
221329376
	 {84214403, 212597256, 256686505, 209488975, 236044687, 244471186, 179222584, 153402141}
169879576
	 {286458272, 232233440, 170312104, 236044687, 271231898, 227188699, 64880318}
57084174
	 {193702434, 164276581, 316152038, 72419336, 148683149, 241326773, 152986518}
134199614
	 {208693096, 224304589, 102186002, 259109236, 54792021, 83568283, 195247327}
186122975
	 {304603906, 472309666, 209463077, 91494604, 507364084, 326208087, 167539546}
262263549
	 {176390826, 197771787, 192636977, 138177715, 271961523, 163917685, 138115421}
287265776
	 {251149573, 236044687, 374779957, 351357622, 252642233, 481853242, 133521599}
185953283
	 {103502112, 197771787, 164277806, 265348432, 30216280, 151872474, 222479355}
205898837
	 {64304580, 434185320, 81110218, 173182420, 100173013, 193654647, 112146521}
195140727
	 {256664492, 244471186, 371430775, 12144956, 510809213, 164207230, 284112094}
223632538
	 {18356489, 150714249, 498773131, 167859114, 75240112, 60239217, 210244254}
473337021
	 {236398690, 251149573, 368548967, 477889931, 481853242, 163608766, 159270911}
155254152
	 {195247327, 124894118, 139429320, 159817977, 252642233, 75563326, 228155295}
173182420
	 {197771787, 20040880, 205898837, 193654647, 112146521, 135567002, 26289213}
69690897
	 {111068774, 172013002, 150558189, 86139694, 56755758, 252642233, 127416860}
323671611
	 {138609700, 370089510, 434185320, 6316617, 224788395, 300911509, 510809213}
352650988
	 {21561414, 220588777, 86139694, 158967805, 105795410, 90902620, 151138717}
72419336
	 {193702434, 172952009, 456242411, 57084174, 136330319, 148167513}
331503624
	 {168792032, 142107652, 164573866, 338302319, 259109236, 355643605}
112146521
	 {221176993, 434185320, 173182420, 205898837, 193654647, 26289213}
175818990
	 {84214403, 290306694, 325878449, 138177715, 271198325, 210523445}
180365974
	 {48483970, 88063046, 172013002, 235859116, 94604588, 120007101}
75240112
	 {117769734, 86139694, 46942999, 78666584, 223632538, 75563326}
78633748
	 {84214403, 189323945, 2956812, 199373871, 153402141, 195247327}
170640291
	 {193702434, 386284707, 316152038, 136330319, 416792048, 152986518}
648197127
	 {275532324, 347823818, 192636977, 244471186, 323581651, 174733083}
209488975
	 {221329376, 84214403, 256686505, 132993580, 269109484, 105795410}
174005394
	 {232272832, 225532262, 208693096, 189323945, 10625647, 217418257}
81110218
	 {423796399, 263235631, 205898837, 351357622, 193654647, 138115421}
24784121
	 {118767424, 551766246, 47595686, 367492695, 159684953, 162059324}
221443425
	 {30312256, 118767424, 199847776, 226281256, 185086509, 90025108}
320718180
	 {240253698, 170312104, 272892047, 238706545, 265972599, 227188699}
191178317
	 {240253698, 150714249, 224304589, 282974287, 54792021, 243746587}
347823818
	 {275532324, 648197127, 192636977, 244471186, 72513972, 174733083}
224386967
	 {382973376, 142107652, 600429962, 338302319, 136330319, 404241145}
224788395
	 {138609700, 423796399, 217418257, 323671611, 345103899, 510809213}
231602242
	 {111985504, 233854092, 98530963, 210835290, 337430399}
301566129
	 {203137922, 164573866, 173192845, 355643605, 349947006}
146422031
	 {210888164, 269109484, 107534557, 221353662, 133521599}
221530451
	 {240253698, 170312104, 238706545, 306790325, 345103899}
35019111
	 {193702434, 91494604, 326208087, 227188699, 3882911}
316961238
	 {111985504, 210888164, 209463077, 233854092, 265348432}
170091146
	 {222792684, 390571568, 140051985, 235230041, 163608766}
559352541
	 {133521599, 463289100, 323581651, 174733083, 281105343}
288948966
	 {396740806, 326208087, 146614239, 227188699, 159270911}
291822399
	 {17825191, 178383880, 233854092, 272892047, 507364084}
429050720
	 {240253698, 209463077, 140051985, 238706545, 163608766}
217084856
	 {275532324, 176390826, 325878449, 271961523, 163917685}
90025108
	 {118767424, 221443425, 199847776, 172952009, 243947380}
151848321
	 {168974601, 65153578, 36828780, 169568245, 162299229}
210888164
	 {150714249, 146422031, 394518068, 316961238, 247638650}
289066502
	 {381113096, 256664492, 324683159, 12144956, 371430775}
367492695
	 {162059324, 24784121, 209482620, 162299229, 228155295}
172809963
	 {15868672, 504110604, 423796399, 152095319, 243935039}
199626542
	 {236825002, 199951862, 81769463, 167539546, 151208253}
168792032
	 {331503624, 164573866, 135069842, 226659830, 148167513}
106330098
	 {195244048, 325878449, 271961523, 168037526, 165640766}
80695289
	 {170592770, 227326627, 133690981, 80415319, 136928953}
77903915
	 {78666584, 84551435, 7104349, 21561414}
139458653
	 {96469505, 252642233, 225736145, 380845599}
150231199
	 {233534865, 204397611, 140065340, 221353662}
383492413
	 {138096016, 136928953, 642065774, 17825191}
210624874
	 {194105616, 233534865, 222792684, 163608766}
67897942
	 {30312256, 10942708, 7153638, 3882911}
600429962
	 {382973376, 404241145, 136330319, 224386967}
195785362
	 {293093137, 195144442, 355643605, 161633823}
199031442
	 {189323945, 367231236, 251149573, 326208087}
106291900
	 {338302319, 51917413, 48324726, 157404167}
430873279
	 {170312104, 477889931, 136611246, 290306694}
324969239
	 {373245441, 278931930, 199893108, 185113998}
383451991
	 {78666584, 221263003, 109484155, 21561414}
124894118
	 {155254152, 276554073, 186143059, 243720061}
281105343
	 {72513972, 463289100, 559352541, 133521599}
326681662
	 {227841826, 158501195, 154396548, 351357622}
386284707
	 {170640291, 170565307, 142107652, 148683149}
216216776
	 {390571568, 278461832, 111068774, 159270911}
298376569
	 {65153578, 227326627, 176211182, 300821998}
457407878
	 {472309666, 481217650, 304603906, 91494604}
382973376
	 {404241145, 600429962, 214794636, 224386967}
226659830
	 {168792032, 164276581, 241326773, 148683149}
394518068
	 {267599840, 238706545, 210888164, 159270911}
259909233
	 {212597256, 168974601, 232056747, 227188699}
130188944
	 {176390826, 197771787, 138115421, 138177715}
251985582
	 {543162088, 174733083, 186851087, 195247327}
84551435
	 {139429320, 77903915, 7104349, 21561414}
182527770
	 {227841826, 158501195, 154396548, 138115421}
481853242
	 {287265776, 251149573, 374779957, 473337021}
7104349
	 {84551435, 77903915, 1852326, 21561414}
382412786
	 {385757466, 477889931, 510809213, 136611246}
263235631
	 {81110218, 34094379, 138115421}
199893108
	 {237586744, 193702434, 324969239}
147744891
	 {233854092, 245122354, 132993580}
47595686
	 {24784121, 209482620, 228155295}
170592428
	 {247638650, 90902620, 212525694}
300286151
	 {278461832, 52450171, 168037526}
551766246
	 {319485641, 9802821, 681625038}
10942708
	 {6461995, 61094587, 67897942}
184685105
	 {278934545, 160116249, 86139694}
51917413
	 {205067947, 106291900, 48324726}
76675729
	 {172711928, 91494604, 173217382}
269482655
	 {170312104, 168974601, 21561414}
222182056
	 {192636977, 244471186, 271961523}
213678796
	 {195144442, 355643605, 161633823}
404241145
	 {382973376, 600429962, 224386967}
203137922
	 {301566129, 164573866, 349947006}
157731833
	 {152986518, 164276581, 148683149}
188326995
	 {252642233, 134093282, 16447070}
368548967
	 {427841132, 473337021, 186851087}
349947006
	 {301566129, 164573866, 203137922}
20040880
	 {173182420, 26289213, 193654647}
263195994
	 {221176993, 101457846, 392406359}
51903880
	 {36828780, 151138717, 10625647}
1078732
	 {187287614, 11529230, 104742951}
15441368
	 {213304801, 102892035, 5918060}
310732263
	 {52450171, 185207604, 290972119}
370089510
	 {6316617, 323671611, 164207230}
427841132
	 {477889931, 163917685, 368548967}
356689534
	 {229799976, 400546891, 183777527}
182636387
	 {18869204, 76025405, 7153638}
150302567
	 {48483970, 36135099, 231964134}
167751598
	 {159270911, 642065774, 195247327}
172711928
	 {76675729, 11529230, 538368671}
221270069
	 {119413601, 225736145}
57573478
	 {28946221, 5129494}
316133496
	 {217418257, 159270911}
162265228
	 {194105616, 104742951}
63187225
	 {372824885, 150490301}
114497828
	 {239818120, 222792684}
186143059
	 {197771787, 124894118}
214794636
	 {382973376, 257509523}
222589464
	 {42561476, 7153638}
351361589
	 {162059324, 337430399}
269857380
	 {293093137, 233854092}
35226335
	 {213304801, 76025405}
15868672
	 {172809963, 104742951}
148167513
	 {72419336, 168792032}
300911509
	 {323671611, 138609700}
397681807
	 {256686505, 289800971}
159179937
	 {142107652, 152986518}
93250739
	 {215483970, 174733083}
176211182
	 {298376569, 65153578}
94604588
	 {120007101, 180365974}
546264383
	 {209463077, 290306694}
607024550
	 {140051985, 136611246}
117769734
	 {75240112, 46942999}
160116249
	 {184685105, 36828780}
170565307
	 {386284707, 164276581}
279551745
	 {170592770, 210523445}
153960244
	 {1078732, 290306694}
243935039
	 {172809963, 152095319}
599035760
	 {256686505, 153402141}
354373541
	 {84214403, 225532262}
232056747
	 {212597256, 259909233}
146614239
	 {399530604, 288948966}
229799976
	 {356689534}
187287614
	 {1078732}
271198325
	 {175818990}
135069842
	 {168792032}
213356707
	 {209482620}
254798018
	 {114776804}
367231236
	 {199031442}
94351669
	 {21561414}
427299132
	 {36828780}
276554073
	 {124894118}
558160225
	 {499271468}
331002236
	 {140065340}
3457589
	 {209933889}
193602173
	 {138609700}
538368671
	 {172711928}
267584194
	 {3882911}
179762074
	 {121424884}
166480875
	 {174733083}
71154745
	 {195244048}
44131405
	 {221176993}
456242411
	 {72419336}
443661597
	 {221353662}
392406359
	 {263195994}
565288280
	 {136611246}
99298683
	 {233854092}
209524091
	 {96321055}
185113998
	 {324969239}
231964134
	 {150302567}
416792048
	 {170640291}
351696386
	 {227188699}
88106505
	 {228155295}
96321055
	 {209524091}
446109296
	 {9802821}
97244793
	 {80415319}
442957450
	 {73232495}
64165556
	 {9802821}
214267591
	 {215483970}
319485641
	 {551766246}
103894757
	 {159270911}
431148787
	 {7153638}
183385883
	 {101457846}
86388545
	 {9802821}
354740117
	 {30312256}
506079199
	 {135567002}
158967805
	 {352650988}
478261337
	 set()
172562567
	 set()
136931467
	 set()
466294927
	 set()
597100692
	 set()
170352871
	 set()
195293431
	 set()
61133050
	 set()
558790924
	 set()
166031638
	 set()
92139868
	 set()
154745183
	 set()
157571427
	 set()
214157669
	 set()
502151525
	 set()
141840762
	 set()
65182079
	 set()
490160538
	 set()
174320033
	 set()
439556574
	 set()
416774625
	 set()
78774788
	 set()
191111704
	 set()
35807789
	 set()
336015923
	 set()
171883070
	 set()
391580270
	 set()
389077666
	 set()
164346543
	 set()
534756083
	 set()
344382278
	 set()
504343374
	 set()
450028390
	 set()
148386699
	 set()
261753753
	 set()
489261987
	 set()
183004077
	 set()
84513738
	 set()
259087319
	 set()
296459233
	 set()
442059810
	 set()
173900835
	 set()
323750964
	 set()
223878205
	 set()
28867692
	 set()
223915127
	 set()
491336827
	 set()
551795837
	 set()
415466641
	 set()
570934456
	 set()
359388358
	 set()
484496623
	 set()
539452655
	 set()
26725620
	 set()
267124005
	 set()
418520368
	 set()
490825014
	 set()
551204161
	 set()
287976770
	 set()
325133662
	 set()
303795562
	 set()
40545660
	 set()
73891210
	 set()
229094794
	 set()
175031695
	 set()
223896975
	 set()
559443386
	 set()
389090772
	 set()
40627676
	 set()
174075483
	 set()
120858210
	 set()
431392376
	 set()
177933956
	 set()
219489934
	 set()
379586207
	 set()
558925477
	 set()
321384103
	 set()
511604402
	 set()
672266082
	 set()
287608729
	 set()
311861184
	 set()
221501410
	 set()
511930347
	 set()
