663
210523445
	 {170545920, 173315713, 170592770, 100596485, 290306694, 311477126, 143842056, 177959688, 40860298, 133628044, 135805710, 147743250, 212232217, 260850077, 326364833, 159877154, 195805736, 483500075, 267934253, 72223920, 331877424, 145929910, 136928953, 409813690, 165640766, 181027135, 200330046, 170618818, 120134220, 223177424, 137874897, 143779541, 355181527, 409099095, 179987806, 284112094, 51079526}
355181527
	 {100596485, 311477126, 290306694, 177959688, 509323145, 147743250, 212232217, 260850077, 212216990, 230166687, 326364833, 159877154, 195805736, 483500075, 267934253, 72223920, 331877424, 210523445, 145929910, 166057533, 165640766, 181027135, 200330046, 170618818, 137874897, 143779541, 162438490, 51079526, 75255274}
147743250
	 {173315713, 100596485, 311477126, 143842056, 177959688, 509323145, 212232217, 260850077, 230166687, 326364833, 159877154, 195805736, 72223920, 331877424, 210523445, 145929910, 409813690, 166057533, 165640766, 181027135, 200330046, 170618818, 223177424, 137874897, 143779541, 355181527, 144991852, 318937336}
100596485
	 {173315713, 311477126, 290306694, 143842056, 437452432, 147743250, 212232217, 326364833, 159877154, 195805736, 267934253, 331877424, 210523445, 145929910, 124635960, 409813690, 166057533, 165640766, 181027135, 200330046, 170618818, 223177424, 137874897, 143779541, 355181527, 162438490, 144991852}
311477126
	 {170545920, 173315713, 170592770, 100596485, 290306694, 143842056, 40860298, 147743250, 212216990, 230166687, 159877154, 195805736, 267934253, 210523445, 136928953, 409813690, 165640766, 181027135, 170618818, 223177424, 137874897, 355181527, 162438490, 144991852, 318937336}
159877154
	 {173315713, 100596485, 311477126, 290306694, 143842056, 177959688, 509323145, 147743250, 212232217, 212216990, 230166687, 267934253, 331877424, 210523445, 145929910, 409813690, 166057533, 181027135, 170618818, 223177424, 137874897, 143779541, 355181527, 162438490, 144991852}
409813690
	 {173315713, 100596485, 311477126, 290306694, 143842056, 437452432, 147743250, 212232217, 212216990, 230166687, 159877154, 483500075, 267934253, 331877424, 210523445, 166057533, 200330046, 170618818, 223177424, 137874897, 143779541, 162438490, 144991852}
200330046
	 {100596485, 147743250, 212232217, 260850077, 212216990, 230166687, 326364833, 483500075, 267934253, 72223920, 331877424, 210523445, 409813690, 166057533, 170618818, 120134220, 137874897, 143779541, 514636630, 355181527, 409099095, 179987806, 318937336}
173315713
	 {170545920, 170592770, 100596485, 311477126, 290306694, 40860298, 133628044, 135805710, 147743250, 260850077, 159877154, 72223920, 331877424, 210523445, 136928953, 409813690, 165640766, 170618818, 120134220, 179987806, 284112094, 144991852}
290306694
	 {170545920, 173315713, 170592770, 100596485, 311477126, 509323145, 40860298, 133628044, 260850077, 159877154, 195805736, 331877424, 210523445, 136928953, 409813690, 165640766, 181027135, 120134220, 355181527, 409099095, 284112094, 51079526}
143779541
	 {100596485, 143842056, 437452432, 147743250, 212232217, 260850077, 212216990, 326364833, 159877154, 483500075, 267934253, 331877424, 210523445, 409813690, 166057533, 200330046, 181027135, 170618818, 223177424, 137874897, 355181527, 162438490}
165640766
	 {170545920, 173315713, 170592770, 100596485, 290306694, 311477126, 40860298, 133628044, 135805710, 147743250, 260850077, 72223920, 331877424, 210523445, 136928953, 170618818, 120134220, 355181527, 179987806, 284112094, 603077215}
326364833
	 {100596485, 135805710, 437452432, 147743250, 212232217, 260850077, 212216990, 230166687, 483500075, 331877424, 210523445, 166057533, 200330046, 181027135, 137874897, 143779541, 514636630, 409099095, 355181527, 318937336}
223177424
	 {170545920, 100596485, 311477126, 143842056, 509323145, 147743250, 212232217, 212216990, 159877154, 195805736, 267934253, 331877424, 210523445, 145929910, 409813690, 166057533, 181027135, 170618818, 143779541, 162438490}
212216990
	 {311477126, 143842056, 177959688, 40860298, 260850077, 326364833, 159877154, 195805736, 331877424, 145929910, 409813690, 166057533, 200330046, 181027135, 223177424, 143779541, 514636630, 355181527, 75255274}
170618818
	 {173315713, 100596485, 311477126, 143842056, 147743250, 212232217, 159877154, 331877424, 210523445, 409813690, 166057533, 200330046, 165640766, 223177424, 137874897, 143779541, 355181527, 162438490, 144991852}
181027135
	 {326364833, 159877154, 100596485, 311477126, 290306694, 195805736, 509323145, 331877424, 223177424, 147743250, 355181527, 210523445, 145929910, 143779541, 162438490, 212216990, 230166687}
137874897
	 {326364833, 159877154, 170618818, 100596485, 311477126, 143842056, 483500075, 162438490, 72223920, 331877424, 147743250, 210523445, 143779541, 355181527, 409813690, 200330046, 230166687}
72223920
	 {173315713, 179987806, 51079526, 133628044, 120134220, 135805710, 409099095, 331877424, 200330046, 147743250, 137874897, 355181527, 440495004, 260850077, 165640766, 230166687}
212232217
	 {326364833, 159877154, 170618818, 100596485, 483500075, 267934253, 331877424, 223177424, 147743250, 210523445, 143779541, 355181527, 409813690, 166057533, 200330046}
143842056
	 {159877154, 170618818, 100596485, 311477126, 267934253, 162438490, 223177424, 137874897, 147743250, 210523445, 143779541, 124635960, 409813690, 212216990}
230166687
	 {326364833, 159877154, 311477126, 195805736, 509323145, 144991852, 72223920, 331877424, 147743250, 137874897, 355181527, 409813690, 200330046, 181027135}
145929910
	 {159877154, 100596485, 177959688, 195805736, 75255274, 120134220, 331877424, 223177424, 147743250, 210523445, 355181527, 124635960, 212216990, 181027135}
120134220
	 {173315713, 179987806, 290306694, 51079526, 133628044, 135805710, 72223920, 331877424, 200330046, 210523445, 145929910, 409099095, 260850077, 165640766}
162438490
	 {159877154, 170618818, 100596485, 311477126, 143842056, 195805736, 331877424, 223177424, 137874897, 143779541, 355181527, 409813690, 166057533, 181027135}
483500075
	 {326364833, 195805736, 135805710, 331877424, 137874897, 210523445, 143779541, 355181527, 212232217, 409813690, 260850077, 200330046}
267934253
	 {159877154, 100596485, 311477126, 143842056, 331877424, 223177424, 210523445, 143779541, 355181527, 212232217, 409813690, 200330046}
177959688
	 {159877154, 195805736, 40860298, 75255274, 437452432, 147743250, 355181527, 210523445, 145929910, 514636630, 212216990}
133628044
	 {173315713, 179987806, 290306694, 51079526, 120134220, 72223920, 331877424, 210523445, 409099095, 260850077, 165640766}
409099095
	 {326364833, 179987806, 290306694, 51079526, 133628044, 120134220, 135805710, 72223920, 210523445, 260850077, 200330046}
170545920
	 {173315713, 170592770, 311477126, 290306694, 40860298, 223177424, 210523445, 136928953, 165640766, 603077215}
135805710
	 {173315713, 326364833, 483500075, 120134220, 72223920, 331877424, 210523445, 409099095, 260850077, 165640766}
136928953
	 {170545920, 173315713, 170592770, 311477126, 290306694, 195805736, 75255274, 331877424, 210523445, 165640766}
51079526
	 {290306694, 195805736, 133628044, 120134220, 409099095, 72223920, 210523445, 355181527, 260850077, 179987806}
40860298
	 {170545920, 173315713, 311477126, 290306694, 177959688, 165640766, 210523445, 284112094, 212216990}
509323145
	 {159877154, 181027135, 290306694, 195805736, 331877424, 223177424, 147743250, 355181527, 230166687}
144991852
	 {173315713, 159877154, 170618818, 100596485, 311477126, 147743250, 409813690, 230166687}
437452432
	 {326364833, 100596485, 177959688, 75255274, 331877424, 143779541, 409813690}
514636630
	 {326364833, 177959688, 75255274, 318937336, 212216990, 200330046}
284112094
	 {173315713, 290306694, 40860298, 210523445, 165640766}
603077215
	 {170545920, 195805736, 165640766}
440495004
	 {72223920, 179987806}
612702957
	 set()
563948915
	 set()
