753
144991852
	 {359713153, 328378501, 60058757, 274843525, 85522958, 133481230, 231843343, 350816787, 85457300, 208196244, 69802772, 101470743, 123488408, 228156056, 64682904, 337258004, 140440738, 179324323, 7335973, 9793834, 133465771, 177085613, 175979822, 184735151, 175519537, 132144818, 167166900, 408777273, 108416569, 96423996, 225113534, 187620159, 416672065, 175531336, 315093067, 90327755, 176146896, 219390928, 19624402, 330256723, 249410130, 114717906, 432289237, 16073431, 170688224, 223807969, 197644008, 285689066, 349874155, 144735090, 172548857, 203275646}
349874155
	 {60058757, 108405896, 98604552, 138534408, 50714893, 85522958, 85457300, 101470743, 23776023, 64682904, 228156056, 88864667, 86552105, 129433898, 9793834, 177350187, 26484650, 74362289, 306640305, 167166900, 243322037, 224275513, 108416569, 159068862, 218127561, 78735179, 50890828, 176146896, 2473168, 249525968, 170688224, 18077286, 115133801, 144991852, 159094254, 98858481, 11190388, 212156919, 203275646}
85457300
	 {328378501, 60058757, 5150346, 133481230, 69802772, 123488408, 64682904, 482008991, 7335973, 322871590, 99862949, 147283749, 9793834, 133465771, 175979822, 132144818, 99529526, 108416569, 38840506, 96423996, 28916669, 197278017, 373951809, 315093067, 78735179, 19624402, 249410130, 114717906, 16073431, 170688224, 349874155, 144991852, 448130413, 159094254, 11190388, 17545592}
133465771
	 {255295744, 285156609, 252068234, 133481230, 231843343, 85457300, 69802772, 337258004, 64682904, 140440738, 274420643, 322871590, 152877483, 175979822, 132144818, 375739321, 108416569, 28916669, 16073431, 170688224, 144991852, 159094254, 172548857, 128264059, 203275646}
170688224
	 {359713153, 328378501, 85457300, 228156056, 64682904, 123488408, 7335973, 438374570, 133465771, 125157932, 177085613, 97570730, 132144818, 310459960, 108416569, 28916669, 175531336, 90327755, 19624402, 234838366, 110794974, 349874155, 144991852, 159094254, 144735090}
108416569
	 {60058757, 328378501, 5150346, 85522958, 133481230, 69802772, 85457300, 228156056, 64682904, 322871590, 133465771, 175979822, 38840506, 98059198, 315093067, 176146896, 16073431, 170688224, 349874155, 144991852, 159094254, 11190388, 203275646}
19624402
	 {85457300, 160857373, 179324323, 165229992, 167166900, 99529526, 408777273, 265180863, 142272708, 249368651, 90327755, 330256723, 170688224, 197644008, 153956588, 144991852, 144735090, 11190388, 262293623, 172548857}
167166900
	 {179324323, 142272708, 328378501, 101470743, 228666054, 197644008, 9793834, 90327755, 144991852, 349874155, 19624402, 249410130, 114717906, 337258004, 262293623, 172548857, 187620159}
203275646
	 {162399512, 328378501, 322871590, 2164776, 151106281, 438374570, 133465771, 144991852, 78735179, 175979822, 349874155, 159094254, 11190388, 64682904, 228156056, 108416569, 38840506}
144735090
	 {170688224, 225113534, 231202085, 138143654, 90327755, 125157932, 144991852, 176146896, 19624402, 208196244, 23776023, 123488408, 172548857, 96423996, 133754621, 234838366}
60058757
	 {272617796, 108405896, 9793834, 5150346, 144991852, 349874155, 85522958, 176146896, 306640305, 85457300, 11190388, 52836692, 101470743, 108416569, 88864667}
11190388
	 {85289184, 60058757, 9793834, 129433898, 5150346, 177085613, 85522958, 175979822, 176146896, 349874155, 19624402, 85457300, 108416569, 203275646}
64682904
	 {170688224, 328378501, 133465771, 144991852, 78735179, 175979822, 224357838, 349874155, 85457300, 162399512, 108416569, 38840506, 203275646}
337258004
	 {255295744, 197278017, 179324323, 142272708, 170439001, 169173194, 133465771, 144991852, 231843343, 249410130, 350816787, 167166900, 172548857}
199306250
	 {184166145, 308321474, 168293059, 160740548, 285156609, 274420643, 165229992, 90327755, 510576046, 83651825, 359373523, 303810427}
408777273
	 {416672065, 223807969, 179324323, 197644008, 249368651, 144991852, 175519537, 249410130, 19624402, 432289237, 172548857}
159094254
	 {170688224, 7335973, 328378501, 133465771, 78735179, 349874155, 85457300, 108416569, 38840506, 28916669, 203275646}
38840506
	 {2583875, 7335973, 328378501, 25670378, 159094254, 85457300, 64682904, 162399512, 108416569, 203275646}
9793834
	 {60058757, 5150346, 349874155, 144991852, 85522958, 74362289, 85457300, 167166900, 11190388, 101470743}
274420643
	 {184166145, 197278017, 168293059, 160740548, 165229992, 199306250, 133465771, 83651825, 359373523, 303810427}
5150346
	 {267599840, 60058757, 9793834, 176146896, 2473168, 85457300, 11190388, 108416569, 96688671}
132144818
	 {170688224, 133465771, 144991852, 448130413, 228156056, 166463148, 85457300, 17545592, 321647549}
7335973
	 {170688224, 2583875, 25670378, 144991852, 159094254, 85457300, 38840506, 28916669}
170439001
	 {195452869, 189828874, 90327755, 380814667, 228099887, 164619569, 337258004, 172548857}
99862949
	 {94190144, 322871590, 151106281, 78735179, 175979822, 160516532, 85457300, 128264059}
359373523
	 {184166145, 308321474, 168293059, 160740548, 274420643, 165229992, 199306250, 83651825}
28916669
	 {170688224, 7335973, 97570730, 133465771, 159094254, 69802772, 85457300, 16073431}
285156609
	 {160740548, 328378501, 199306250, 133465771, 315093067, 166463148, 252068234, 152877483}
197644008
	 {249368651, 144991852, 219390928, 249410130, 19624402, 167166900, 262293623, 408777273}
438374570
	 {85289184, 170688224, 231202085, 254426345, 290801688, 375739321, 203275646}
17545592
	 {85289184, 166463148, 448130413, 231843343, 176146896, 132144818, 85457300}
85522958
	 {60058757, 9793834, 349874155, 144991852, 11190388, 101470743, 108416569}
114717906
	 {322871590, 144991852, 448130413, 85457300, 167166900, 375739321, 187620159}
231843343
	 {140440738, 254426345, 133465771, 144991852, 669684111, 337258004, 17545592}
78735179
	 {99862949, 349874155, 159094254, 85457300, 64682904, 128264059, 203275646}
128264059
	 {94190144, 255295744, 99862949, 322871590, 78735179, 133465771, 370633141}
123488408
	 {170688224, 144991852, 144735090, 85457300, 89805948, 234838366}
255295744
	 {285689066, 133465771, 139345137, 337258004, 172548857, 128264059}
197278017
	 {179324323, 274420643, 169173194, 249410130, 337258004, 85457300}
168293059
	 {184166145, 274420643, 165229992, 199306250, 83651825, 359373523}
164619569
	 {368724354, 104957160, 90327755, 125157932, 176146896, 170439001}
228099887
	 {340238403, 231202085, 189828874, 169173194, 380814667, 170439001}
249368651
	 {223807969, 197644008, 285689066, 19624402, 408777273}
142272708
	 {179324323, 195452869, 19624402, 167166900, 337258004}
152877483
	 {285156609, 252068234, 133465771, 148884339, 142077879}
177085613
	 {170688224, 90327755, 144991852, 176146896, 11190388}
160740548
	 {184166145, 285156609, 274420643, 199306250, 359373523}
83651825
	 {184166145, 168293059, 274420643, 199306250, 359373523}
380814667
	 {340238403, 144124780, 228099887, 445578037, 170439001}
175519537
	 {416672065, 223807969, 179324323, 144991852, 408777273}
96423996
	 {85457300, 144735090, 144991852, 225113534}
340238403
	 {169173194, 380814667, 445578037, 228099887}
315093067
	 {144991852, 285156609, 85457300, 108416569}
262293623
	 {197644008, 172548857, 19624402, 167166900}
330256723
	 {172548857, 19624402, 350816787, 144991852}
234838366
	 {123488408, 170688224, 144735090, 90327755}
370633141
	 {172548857, 128264059, 186416708, 219766060}
223807969
	 {408777273, 249368651, 144991852, 175519537}
133481230
	 {108416569, 133465771, 144991852, 85457300}
140440738
	 {172548857, 133465771, 144991852, 231843343}
231202085
	 {438374570, 208196244, 144735090, 228099887}
74362289
	 {386940136, 193541369, 9793834, 349874155}
85289184
	 {17545592, 438374570, 11190388}
252068234
	 {285156609, 133465771, 152877483}
160516532
	 {172348012, 99862949, 224357838}
125157932
	 {170688224, 164619569, 144735090}
208196244
	 {144735090, 144991852, 231202085}
99529526
	 {85457300, 19624402, 153956588}
104957160
	 {254426345, 90327755, 164619569}
254426345
	 {104957160, 438374570, 231843343}
2583875
	 {5886824, 38840506, 7335973}
225113534
	 {144991852, 144735090, 96423996}
224357838
	 {64682904, 151106281, 160516532}
166463148
	 {17545592, 285156609, 132144818}
133754621
	 {176146896, 359713153, 144735090}
147283749
	 {176146896, 90327755, 85457300}
110794974
	 {170688224, 97570730}
153956588
	 {19624402, 99529526}
174090655
	 {395967520, 481850816}
451359158
	 {135613362, 448130413}
25670378
	 {38840506, 7335973}
23776023
	 {144735090, 349874155}
445578037
	 {380814667, 340238403}
144124780
	 {228156056, 380814667}
219390928
	 {197644008, 144991852}
395967520
	 {481850816, 174090655}
108405896
	 {349874155, 60058757}
243322037
	 {306640305, 349874155}
2473168
	 {5150346, 349874155}
8936706
	 {235366051, 137848796}
175531336
	 {170688224, 144991852}
184735151
	 {285689066, 144991852}
481850816
	 {395967520, 174090655}
189828874
	 {170439001, 228099887}
142077879
	 {148884339, 152877483}
195452869
	 {170439001, 142272708}
290801688
	 {438374570}
2164776
	 {203275646}
50890828
	 {349874155}
11213039
	 {5886824}
50714893
	 {349874155}
52836692
	 {60058757}
200171871
	 {160105422}
368724354
	 {164619569}
212156919
	 {349874155}
96688671
	 {5150346}
172348012
	 {160516532}
159068862
	 {349874155}
228666054
	 {167166900}
156955559
	 {121460262}
135613362
	 {451359158}
98059198
	 {108416569}
321647549
	 {132144818}
1178699
	 {106816686}
143725655
	 {175979822}
89805948
	 {123488408}
106816686
	 {1178699}
218127561
	 {349874155}
139345137
	 {255295744}
373951809
	 {85457300}
510576046
	 {199306250}
98858481
	 {349874155}
98604552
	 {349874155}
138534408
	 {349874155}
121460262
	 {156955559}
86552105
	 {349874155}
177350187
	 {349874155}
235366051
	 {8936706}
168003460
	 {90327755}
145577934
	 {183808430}
137848796
	 {8936706}
132831268
	 set()
626630696
	 set()
502650944
	 set()
422531144
	 set()
167915607
	 set()
85729372
	 set()
207706337
	 set()
4649206
	 set()
308504840
	 set()
155853108
	 set()
16191854
	 set()
447404404
	 set()
4032894
	 set()
343525798
	 set()
11456934
	 set()
131707312
	 set()
10961368
	 set()
8258072
	 set()
2380345
	 set()
19624600
	 set()
245727902
	 set()
121713326
	 set()
38302394
	 set()
239221439
	 set()
523207359
	 set()
184885977
	 set()
51786481
	 set()
189418283
	 set()
160297794
	 set()
240773991
	 set()
158825329
	 set()
68993916
	 set()
90192849
	 set()
498306064
	 set()
138425369
	 set()
635888669
	 set()
982062
	 set()
531565621
	 set()
224275513
	 set()
96357447
	 set()
281377884
	 set()
145296479
	 set()
311716998
	 set()
20407589
	 set()
81198374
	 set()
276229424
	 set()
139685175
	 set()
14052688
	 set()
68566393
	 set()
269073824
	 set()
43845029
	 set()
146357701
	 set()
507117107
	 set()
385191478
	 set()
494876225
	 set()
151195263
	 set()
38493841
	 set()
2559647
	 set()
6639263
	 set()
64788133
	 set()
175666908
	 set()
156837630
	 set()
153941761
	 set()
15740746
	 set()
387323767
	 set()
3866511
	 set()
436449207
	 set()
181516225
	 set()
179814366
	 set()
10340323
	 set()
148908005
	 set()
