377
356906293
	 {239243520, 269351682, 226052867, 173650834, 511592979, 487600404, 473286679, 223138584, 514494878, 255391142, 235573673, 343599409, 428162739, 438581308, 296783421, 510606674, 283162458, 316188385, 358305252, 311060863}
473286679
	 {316188385, 269351682, 226052867, 389571270, 255391142, 221048937, 218113066, 236059307, 235573673, 251129290, 313223408, 343599409, 480602578, 511592979, 443346003, 356906293, 438581308, 296783421}
301421871
	 {239243520, 316188385, 269351682, 324114211, 501013410, 353285001, 235573673, 325277707, 236059307, 223138584, 173650834, 511592979, 428162739, 464354200, 480602578, 299994648}
235573673
	 {239243520, 269351682, 226052867, 358305252, 255391142, 236059307, 144991852, 522438318, 301421871, 173650834, 356906293, 473286679, 223138584, 438581308, 296783421, 311060863}
311060863
	 {239243520, 269351682, 358305252, 255391142, 353285001, 235573673, 236059307, 445032593, 173650834, 428162739, 356906293, 223138584, 283162458, 438581308, 296783421}
324114211
	 {239243520, 316188385, 374868998, 418472392, 522438318, 387179151, 301421871, 282784465, 544080797, 261943703, 464354200, 140404506, 283162458, 372746334}
173650834
	 {239243520, 358305252, 255391142, 353285001, 235573673, 236059307, 522438318, 301421871, 356906293, 223138584, 283162458, 438581308, 296783421, 311060863}
239243520
	 {324114211, 269988327, 235573673, 236059307, 144991852, 522438318, 301421871, 173650834, 356906293, 223138584, 438581308, 296783421, 311060863}
223138584
	 {239243520, 269351682, 358305252, 269988327, 235573673, 236059307, 522438318, 301421871, 173650834, 428162739, 356906293, 296783421, 311060863}
255391142
	 {269351682, 226052867, 235573673, 251129290, 522438318, 445032593, 343599409, 173650834, 356906293, 473286679, 438581308, 296783421, 311060863}
251129290
	 {515772932, 389571270, 255391142, 221048937, 559959886, 313223408, 445032593, 343599409, 487600404, 303974868, 473286679, 464354200, 438581308}
236059307
	 {239243520, 235573673, 325277707, 522438318, 301421871, 173650834, 473286679, 223138584, 438581308, 406796541, 288758558, 311060863}
296783421
	 {239243520, 255391142, 269988327, 235573673, 173650834, 473286679, 356906293, 186037495, 223138584, 438581308, 311060863}
269351682
	 {226052867, 255391142, 353285001, 235573673, 301421871, 428162739, 356906293, 473286679, 223138584, 438581308, 311060863}
487600404
	 {226052867, 251129290, 559959886, 510606674, 511592979, 356906293, 464354200, 283162458, 438581308, 514494878}
261943703
	 {351881634, 324114211, 279088938, 282784465, 480602578, 435592635, 509811928, 340806971, 544080797, 372746334}
218113066
	 {288780263, 142729384, 507227496, 429626699, 473286679, 464354200, 525711837}
428162739
	 {269351682, 301421871, 511592979, 356906293, 223138584, 438581308, 311060863}
510606674
	 {316188385, 418472392, 577456207, 487600404, 356906293, 464354200, 514494878}
283162458
	 {226052867, 324114211, 173650834, 511592979, 487600404, 356906293, 311060863}
559959886
	 {251129290, 343599409, 443346003, 487600404, 299994648, 140404506}
353285001
	 {269351682, 325277707, 301421871, 173650834, 252157527, 311060863}
358305252
	 {235573673, 522438318, 173650834, 356906293, 223138584, 311060863}
288780263
	 {495697480, 142729384, 218113066, 429626699, 507227496, 158755355}
144991852
	 {239243520, 235573673, 303974868, 464354200, 299994648}
509811928
	 {224231781, 279088938, 590320881, 261943703, 186037495}
544080797
	 {324114211, 282784465, 261943703, 435592635, 372746334}
303974868
	 {251129290, 144991852, 313223408, 445032593, 343599409}
299994648
	 {409200820, 144991852, 559959886, 301421871}
372746334
	 {435592635, 324114211, 544080797, 261943703}
313223408
	 {251129290, 303974868, 409200820, 473286679}
418472392
	 {324114211, 510606674, 325277707, 409200820}
480602578
	 {261943703, 301421871, 364687974, 473286679}
443346003
	 {533156887, 559959886, 473286679}
327080543
	 {464354200, 501013410, 387179151}
364687974
	 {359390262, 480602578, 193863174}
221048937
	 {343599409, 251129290, 473286679}
389571270
	 {251129290, 511592979, 473286679}
186037495
	 {509811928, 255453139, 296783421}
406796541
	 {325277707, 513812388, 236059307}
279088938
	 {509811928, 282784465, 261943703}
340806971
	 {282784465, 374868998, 261943703}
435592635
	 {544080797, 372746334, 261943703}
269988327
	 {239243520, 223138584, 296783421}
374868998
	 {340806971, 324114211}
158755355
	 {507227496, 288780263}
252157527
	 {282784465, 353285001}
387179151
	 {324114211, 327080543}
142729384
	 {218113066, 288780263}
140404506
	 {324114211, 559959886}
429626699
	 {218113066, 288780263}
501013410
	 {327080543, 301421871}
513812388
	 {325277707, 406796541}
515772932
	 {251129290}
193863174
	 {364687974}
451205646
	 {514494878}
218955830
	 {194460244}
359390262
	 {364687974}
495697480
	 {288780263}
194460244
	 {218955830}
251878154
	 {255453139}
288758558
	 {236059307}
256048422
	 {226052867}
224231781
	 {509811928}
351881634
	 {261943703}
279548360
	 {343599409}
475782617
	 {598928819}
525711837
	 {218113066}
186833937
	 set()
610731572
	 set()
213587521
	 set()
143476290
	 set()
244162629
	 set()
265316438
	 set()
146697821
	 set()
442061408
	 set()
586336360
	 set()
207160938
	 set()
392742057
	 set()
159683760
	 set()
253703856
	 set()
153651958
	 set()
234666744
	 set()
289635066
	 set()
460196108
	 set()
346098981
	 set()
485463849
	 set()
436109640
	 set()
503891305
	 set()
488817013
	 set()
348154241
	 set()
501289345
	 set()
478819204
	 set()
343388595
	 set()
566004148
	 set()
62334392
	 set()
595850724
	 set()
378369000
	 set()
